time blob_mass ism_mass r_forward r_reverse total_mass E_blob E_ism blob_energy ism_energy total_energy ism_rest total_lum reverse_lum reverse_lum2 reverse_lum3 blob_mass2 critical_mass maxgamma blob_kinetic swept_up
0.0 4260668.858508671 0.0 0.0 7.528166926098881 5099459261.690478 0.0 0.0 6391013.300009725 0.0 6391013.300009724 0.0 2.4357624079535907e-05 2.4357624058274055e-05 2.4357624058274055e-05 0.0 1704267.7270467347 681707.1558313546 2.499999761581421 6391002.369546675 0.0
3.861111111111111 4267565.260143937 8789.893600181596 13.705124403923604 12.933004719195512 5099455544.2175665 0.0 0.0 6387196.198039267 182.21532853353506 6387378.432965718 8777.464077868288 9.503327452529058 5.126760720670065 9.473718310912565 0.0 1712834.86043545 683991.6272247211 2.5041751861572266 6375868.903934616 4476599.770364657
7.722222222222222 4273060.839459656 22920.48334463763 17.565722827564056 16.793603142835966 5099440726.180033 0.0 0.0 6370608.860779855 478.93370951358366 6371087.862298728 22881.799440211584 23.128753482466532 11.85186252007925 23.003868382926687 0.0 1724399.001515935 688262.0090157117 2.5054397583007812 6346953.092465412 4702260.6416772865
11.583333333333334 4279646.228728589 48898.918181447465 21.04026140884046 20.268141724112372 5099417477.301578 0.0 0.0 6345322.505534754 1241.1854009032545 6346563.77604887 48763.97364764825 45.37006551099152 23.730547333898826 45.03715277875563 0.0 1740424.0194115033 695506.8513731789 2.502382278442383 6303090.289443357 5006609.791379679
15.444444444444445 4289884.723597037 86281.2935632674 24.514799990116867 23.742680305388777 5099385294.559829 0.0 0.0 6311466.558792232 2434.697590098346 6313901.376385339 85981.99260346862 79.22262620277097 43.062740593658155 78.4291513374777 0.0 1763882.4779952848 702468.316968035 2.5109779834747314 6242626.7871778235 5371395.420162962
19.305555555555557 4304311.347499882 137997.40884098917 27.989338571393276 27.217218886665183 5099343181.4353895 0.0 0.0 6268209.89095377 4173.461302940167 6272383.500692504 137443.69901987823 126.5056176132855 69.64126380244794 125.00281908876718 0.0 1795589.9406381082 711962.738895998 2.5220279693603516 6163804.465631403 5988787.890261875
23.166666666666668 4323911.2020294 205585.73120345437 31.46387715266968 30.691757467941592 5099290095.896668 0.0 0.0 6214906.805792215 6472.4387439831935 6221379.421434235 204689.78927974484 188.46201985794437 104.59010705660172 185.87050997094195 0.0 1836595.0247730694 726510.1389301198 2.5279688835144043 6066570.86505508 6706090.697338381
27.02777777777778 4349251.600476927 291248.83486190886 34.93841573394609 34.166296049218 5099225297.960356 0.0 0.0 6151161.120355979 9467.518220913978 6160628.878481092 289901.0314486291 267.55421433305236 149.3021686771588 263.2192929700437 0.0 1887707.8586342765 743890.1288247918 2.537616491317749 5950475.575207936 7600791.326747271
30.88888888888889 4381141.240881624 398214.41702602454 38.41295431522249 37.6408346304944 5099147871.555446 0.0 0.0 6075829.6469744425 13545.317705233743 6089375.208101919 396196.6038273134 365.15432939440865 205.10010312714294 358.13332343284713 0.0 1950339.3931550144 765380.7100706497 2.5481951236724854 5813882.019417562 8692729.21311984
34.75 4420083.655513528 526579.5706719384 41.8874928964989 41.11537321177081 5099057129.71927 0.0 0.0 5988859.691388171 18527.1750886965 6007387.198979073 523748.8457611545 481.82960224966223 271.243180003848 471.14531351833506 0.0 2024990.7132026 790518.3744032452 2.561598539352417 5657589.437568196 10001972.199016323
38.611111111111114 4459101.40321779 685383.4983601891 45.36203147777531 44.589911793047214 5098951927.664706 0.0 0.0 5887042.053123145 26498.085056234366 5913540.664475413 681075.443522456 618.300962890097 347.52348027600397 603.1653125311243 0.0 2105576.225813243 818431.5089738506 2.5726969242095947 5478105.383246819 11548130.74212567
42.47222222222222 4510788.059256094 865592.6639338213 48.45051021668767 47.67839053195958 5098831678.886513 0.0 0.0 5773287.669799338 33826.52700145266 5807114.681870304 860068.8355043775 776.2859717635015 434.2710129843148 755.2985868118494 0.0 2203961.026657202 853037.6645388663 2.5836620330810547 5275743.207463682 13123554.257019171
46.333333333333336 4569085.102026928 1080374.1470859651 51.925048797964074 51.152929113235984 5098696415.550155 0.0 0.0 5644070.743672121 43818.05455510868 5687889.272387918 1073009.5816464792 955.4213780199035 529.804223203539 925.9227714177588 0.0 2314903.367761655 892460.5427535032 2.593843936920166 5050927.458830189 15171114.01102888
50.19444444444444 4620717.887919596 1336283.099906643 55.39958737924048 54.24140785214835 5098545578.220814 0.0 0.0 5495959.149456055 59338.21426838375 5555298.135723737 1325777.7234506735 1153.8888386433111 630.4115599135015 1113.875064156598 0.0 2425906.672186916 931897.1685300602 2.603191375732422 4803245.396720343 17514428.65407907
54.05555555555556 4698669.113475847 1612608.3242661543 58.488066118152844 57.715946433424755 5098378707.733268 0.0 0.0 5337199.749134659 71905.13658032472 5409105.539572115 1599816.3854384876 1366.4755472182326 731.4279441738261 1314.5383868870053 0.0 2567925.582926223 983167.9145229264 2.611889123916626 4537326.572575739 19842722.707526166
57.916666666666664 4774595.995278589 1927975.3089032243 61.5765448570652 60.80442517233711 5098196280.540887 0.0 0.0 5161946.763867972 88081.8698101854 5250029.790309461 1912154.5606679032 1590.2955730444442 827.7843993308899 1527.6348586134075 0.0 2713628.897598186 1036298.3091239007 2.6185789108276367 4255208.350076926 22432395.775863223
61.77777777777778 4842344.605731474 2309603.8278661612 65.0510834383416 63.892903911249476 5097996672.264999 0.0 0.0 4961789.894166149 115581.79110668844 5077372.631701013 2287790.3663684186 1822.9729800492087 917.876472398408 1742.2609437448648 0.0 2859233.614067139 1089815.1638554945 2.6235949993133545 3956575.9542353745 25700712.301502593
65.63888888888889 4911956.538924668 2730808.6569633735 68.13956217725398 66.98138265016183 5097781243.752899 0.0 0.0 4742023.123204543 151388.57706908757 4893412.770546367 2701081.488141207 2056.2203961296577 993.8000856042041 1955.1579093495895 0.0 3012811.694679022 1147355.963388093 2.625873565673828 3647899.9951498867 28894377.00465038
69.5 4998906.272265989 3189258.4811801864 71.61410075853038 70.0698613890742 5097551761.575318 0.0 0.0 4509308.451939182 191637.5695541265 4700947.4775016885 3150736.9554696595 2280.824440103025 1049.165270292637 2159.499672472113 0.0 3187627.278425471 1213911.4841078802 2.6259140968322754 3336481.9499695804 32886412.106674075
73.36111111111111 5095935.0040368745 3699835.169214302 74.70257949744274 73.15834012798656 5097308307.828466 0.0 0.0 4264794.906847344 237738.85349898058 4502535.054683818 3651209.9682351295 2482.515512640408 1071.2702979825103 2330.705061547527 0.0 3375963.9927558172 1285917.5409992884 2.6253347396850586 3028037.9571263 36754861.85189276
77.22222222222223 5164240.472893414 4289865.344851821 77.7910582363551 76.24681886689892 5097049635.79952 0.0 0.0 3967202.477852292 332543.84758264734 4299747.725070196 4220632.184478441 2641.1003259719946 1047.143370634107 2400.6394637782632 0.0 3547600.6891600145 1351773.8701613296 2.624403953552246 2716939.574793889 40961595.97409595
81.08333333333333 5175517.613829717 4987860.08653232 80.87953697526746 78.94923776344724 5096774420.6656885 0.0 0.0 3605110.6704164078 489232.8724490864 4094344.9679086623 4882556.938937403 2748.366185815905 982.3151117528474 2369.6382302426946 0.0 3678451.854430575 1401154.515493624 2.625300645828247 2402431.4277423616 44894590.63130778
84.94444444444444 5286185.767692622 5647496.125593785 83.96801571417983 82.0377165023596 5096491506.003052 0.0 0.0 3342735.8099797233 553820.845638563 3896558.3267489877 5524453.889513416 2807.0205838412285 891.6475749303536 2154.4153753481473 0.0 3887485.6253953245 1487032.094643208 2.614258050918579 2137659.7611197545 50453102.17501706
88.80555555555556 5270834.067452699 6516052.803038476 87.05649445309218 84.74013539890791 5096204811.198899 0.0 0.0 2935898.526061007 774858.8631242213 3710758.9633943476 6336746.488132521 2819.218358925223 787.6487088729893 2005.8757831953574 0.0 4004179.48968902 1535857.3519773367 2.6071298122406006 1849185.1637730396 55779796.675267726
92.66666666666667 5305899.155808614 7376270.139892547 90.14497319200454 87.82861413782028 5095898365.299261 0.0 0.0 2619469.474429386 906793.739546307 3526265.211171374 7158053.96405332 2775.8307999512203 669.7865992242879 1760.6381218640022 0.0 4153050.046630261 1579653.5840861753 2.629089117050171 1611394.7040811637 61498555.88651681
96.52777777777777 5306440.714681477 8278907.5091688335 92.84739208855287 90.53103303436859 5095535945.942011 0.0 0.0 2306899.569625927 1015227.9721257229 3322129.8746551857 8025696.263876973 2651.896608648285 524.6169364234242 1434.8259079343268 0.0 4270407.750456502 1732555.9176921463 2.4648022651672363 1395636.9738553045 66757398.895605326
100.38888888888889 5192220.729932655 9331461.02722477 95.93587082746522 93.23345193091691 5095131074.411093 0.0 0.0 1934106.3341296175 1181215.3959528818 3115324.070994223 9026005.519228045 2482.6646291685242 388.99213906848183 1118.9881929925348 0.0 4292085.503298892 1946771.8604768307 2.204719305038452 1175444.9779248687 73189227.24062364
104.25 5091078.490952557 10414240.939469185 98.63828972401355 95.54981098510117 5094718095.650332 0.0 0.0 1622415.5079513837 1305610.5354035054 2928028.7872425793 10066819.16267697 2302.8030655480216 284.05085414467214 844.7406216452933 0.0 4310000.851097611 2133456.3166119945 2.0201964378356934 993350.8181431234 79129957.48537076
108.11111111111111 5062680.483127864 11498154.119956857 101.7267684629259 98.2522298816495 5094303682.328671 0.0 0.0 1417129.7142980555 1344638.8022015272 2761771.2075435794 11133031.685888723 2115.544424496096 205.95251681714154 622.8612162991681 0.0 4368501.77052205 2309392.5545050115 1.8916237354278564 864997.9960981802 86414937.23936212
111.97222222222223 5011581.918629998 12640325.859680844 104.42918735947421 100.56858893583377 5093886390.668515 0.0 0.0 1222784.6435836637 1391703.0626974767 2614490.651565619 12255369.329560846 1925.7869933822371 149.89217064786573 452.42324227058486 0.0 4398888.49166989 2461928.163499075 1.7867655754089355 751785.5871147284 93128680.83749473
115.83333333333333 4923528.167130667 13869110.9531193 107.13160625602254 102.88494799001803 5093465227.128646 0.0 0.0 1053793.790150413 1430412.7410003387 2484209.95693243 13467587.917571602 1741.597776467545 112.21151464861494 344.198829341641 0.0 4382285.993468064 2585176.4798403094 1.6951593160629272 657625.0900138626 100216630.14143594
119.69444444444444 4896245.911051524 15072684.857325615 109.44796531020681 104.81524720183826 5093038337.507331 0.0 0.0 948614.9208165088 1418974.7201045037 2367593.058772253 14671685.860427126 1568.3405240887832 88.41512246341101 249.2002480579168 0.0 4404236.104614127 2711271.1541972137 1.6244174242019653 593843.0062025108 106534417.746711
123.55555555555556 4852633.81132195 16321929.084734898 111.76432436439107 106.74554641365849 5092608157.28035 0.0 0.0 862227.1340606858 1401258.1844062633 2263489.1216003946 15925309.637966834 1408.5381760678192 73.29824335941481 191.029162109847 0.0 4401320.661385829 2817249.523698466 1.562275767326355 542243.6595658972 113139948.21529783
127.41666666666667 4832864.423413446 17594061.972374313 114.4667432609394 108.28978578311467 5092182443.375754 0.0 0.0 802648.3891949421 1370495.6575087951 2173147.939835286 17207613.91737646 1263.8555920264034 62.87822746385227 152.15333538615246 0.0 4410766.595886061 2889035.6786545864 1.526726245880127 505393.2992911198 121298884.15958695
131.27777777777777 4843444.396368483 18865340.98233196 116.39704247275962 109.83402515257085 5091769645.829745 0.0 0.0 762052.1452619678 1335484.636242199 2097541.0657927087 18491500.69591388 1135.4324890054295 55.64600715568828 129.83465810633757 0.0 4441516.883985487 2941009.0756779797 1.5102016925811768 479891.30009118747 127270934.18518767
135.13888888888889 4880276.618073605 20154196.837858353 118.71340152694388 112.15038420675512 5091372207.240756 0.0 0.0 736531.9565016459 1298286.4519046035 2034822.2821145651 19794389.69889825 1023.7107672384838 51.679341409650014 115.78895432041777 0.0 4491376.030004727 3003779.870763383 1.495241403579712 462859.6791205285 134819543.29133362
139.0 4922039.634505187 21457587.371130113 120.64370073876411 114.4667432609394 5090984572.371382 0.0 0.0 715201.5690045829 1265583.2128992884 1980789.1241808892 21110744.63235624 928.5501715598681 50.89766716564 108.5663636442121 0.0 4544072.497680083 3097967.0432263804 1.4667917490005493 447951.82219881716 141294416.19208086
142.86111111111111 4984769.414060208 22738217.03807447 122.57399995058434 116.78310231512367 5090589549.234177 0.0 0.0 699267.9336486986 1229363.0486380158 1928635.7411582093 22405491.006485738 846.8790515226175 51.251532054637025 102.2177494076579 0.0 4616924.0532580195 3210264.577384005 1.4381755590438843 433448.24509584485 147984718.34911186
146.72222222222223 5037784.375208205 24028226.385607354 124.50429916240456 119.09946136930793 5090184680.024641 0.0 0.0 683249.583439142 1195438.353228484 1878692.9451722892 23708953.214148544 774.8438476335366 50.53751406634469 98.65856897740157 0.0 4680074.547909186 3316210.0470923088 1.4112720489501953 419185.2847618507 154891563.51909477
150.58333333333334 5099630.648781976 25285233.93731139 126.04853853186074 121.02976058112816 5089778155.813073 0.0 0.0 670331.5907421805 1163743.293906229 1834081.378747609 24978281.168897398 711.7671437525188 49.34659415146079 95.60769530799526 0.0 4750525.248708541 3426739.819112335 1.3863104581832886 407060.38610236783 160499579.04828382
154.44444444444446 5152337.545544182 26602630.441961244 127.97883774368097 123.34611963531243 5089368889.847213 0.0 0.0 658046.367782835 1135358.6159303072 1793410.2484693672 26306912.647450756 656.4164489815487 47.85145624771205 93.13347156955143 0.0 4810852.365035269 3530138.051376177 1.3627943992614746 396250.08952274115 167818571.50265598
158.30555555555554 5225706.412046868 27861285.857075572 129.52307711313716 125.27641884713266 5088959585.812307 0.0 0.0 649695.3647212528 1107050.2208625614 1756751.545834367 27576226.121740013 608.3766990114557 46.511913719908506 89.97430094854603 0.0 4890373.081899285 3652882.482880657 1.3387709856033325 387115.39820317447 173761700.66802743
162.16666666666666 5289110.5595536735 29140819.136877734 131.06731648259333 127.20671805895289 5088548851.213791 0.0 0.0 639937.0387113732 1082957.5834117564 1722900.5724495254 28864769.194579788 566.8113889576364 45.40685588636478 87.66386104375519 0.0 4960303.151524187 3734233.9549961966 1.3283321857452393 377548.9124117806 179856475.81736526
166.02777777777777 5355709.124856721 30396193.234451123 132.22549600968546 129.1370172707731 5088133227.471605 0.0 0.0 630696.9146598293 1059551.9401717237 1690254.415258398 30128785.265618447 530.8654387294338 44.48987569546681 86.27222655665742 0.0 5033448.569953608 3806451.5291120205 1.3223466873168945 367843.80394168413 182746619.99406067
169.88888888888889 5426646.411932243 31643140.56432478 133.76973537914165 131.06731648259333 5087710298.639886 0.0 0.0 620590.2444979564 1037457.9512912629 1658054.143847246 31383585.65376787 499.4492465934 43.54522529464817 85.39025511446197 0.0 5111744.369403273 3891736.3409951073 1.3134868144989014 357219.62188932626 190776332.13061208
173.75 5473907.397314384 32877175.76249403 134.92791490623378 132.61155585204952 5087279273.468967 0.0 0.0 607037.951501866 1019418.9337762791 1626463.9796487442 32623942.317728527 471.64142208111775 42.54874097524694 84.71962867532042 0.0 5167984.435088281 3964385.7599211866 1.3036028146743774 344997.77544611844 195532161.07901075
177.61111111111111 5540826.105387624 34117122.185198806 136.47215427568997 134.15579522150568 5086838970.998203 0.0 0.0 595142.2896618904 1000189.5262418934 1595338.6174071303 33870800.1867349 446.57815818788123 41.50043309433732 80.94544523798672 0.0 5243620.095680413 4056578.890156844 1.2926212549209595 333178.0258074836 202147535.37937653
181.47222222222223 5589945.05956542 35367476.457448825 138.01639364514614 135.70003459096188 5086389808.102397 0.0 0.0 581122.6857847142 983933.9470564239 1565062.8580084932 35127011.64040849 422.6672586900391 40.48073277105791 80.04201039170621 0.0 5302428.137088441 4139757.331825834 1.2808548212051392 320578.1325253059 208915221.16429332
185.33333333333334 5628374.64616924 36619130.062433146 139.56063301460233 137.24427396041807 5085930393.595579 0.0 0.0 566634.7693871302 968599.673266559 1535241.2869084936 36384520.96844586 399.41594414150165 39.03880076560845 76.93822719183214 0.0 5350437.08886071 4214564.22770242 1.269511342048645 308361.23546415125 215835733.78430063
189.19444444444446 5680230.9747416135 37843116.32646461 140.71881254169446 138.78851332987423 5085463309.039101 0.0 0.0 554235.4225497344 951807.7905986474 1506050.2835913566 37615388.66142522 377.3256351635046 37.2290169993467 74.23162486522236 0.0 5410530.791654478 4317528.450749103 1.2531546354293823 297821.9985049222 221011577.9515435
193.05555555555554 5718281.932606857 39073021.42943885 142.26305191115065 140.33275269933043 5084990652.002043 0.0 0.0 540023.0615191306 937791.9892008146 1477823.1395956855 38850617.85657274 356.8984237595993 35.462054009932714 71.20098373884734 0.0 5457912.0501823025 4412473.147434 1.236928105354309 286352.2956441687 228208710.9632693
196.91666666666666 5720850.738915407 40362373.036088586 143.80729128060682 141.49093222642256 5084513724.750875 0.0 0.0 524139.1226874354 926197.2808643831 1450344.3392805348 40144414.18869097 338.098844262775 33.75960328299506 68.02471107821361 0.0 5470288.328262737 4480162.471204216 1.221002221107483 274575.95447163295 235569634.070354
200.77777777777777 5771819.903463901 41597470.85301831 144.96547080769895 143.03517159587872 5084034953.67413 0.0 0.0 513482.10841861635 910321.8387880938 1423811.6092442726 41386006.237645045 321.0341537598152 32.2791947375754 64.91799545218029 0.0 5528599.076430897 4572925.771368637 1.2089850902557373 265517.57670066896 239070392.72648326
204.63888888888889 5771280.772060555 42870782.9581278 146.50971017715514 144.19335112297088 5083554507.805607 0.0 0.0 498601.8248296034 899449.7128426622 1398059.4010820563 42663291.77319041 305.42867252257145 30.932167812578545 61.572519317095 0.0 5537546.914678132 4604909.526092063 1.202531099319458 254322.10637014938 248736542.1443435
208.5 5797707.992001159 44130439.58392623 147.66788970424727 145.73759049242705 5083073077.621516 0.0 0.0 485408.20145717706 887855.0699743095 1373270.589598151 43927215.05285749 291.08192519887365 29.691695013054893 60.409614615675196 0.0 5572675.543497536 4650349.370221362 1.198334813117981 244072.79051669818 254470842.7585929
212.36111111111111 5843650.748610475 45335463.078617625 148.8260692313394 146.89577001951918 5082592267.77956 0.0 0.0 474911.8606858884 874746.5446401193 1349666.9049438003 45137306.922982946 277.90259372835675 28.54880275842196 57.634901171442664 0.0 5625877.656712602 4708443.722458851 1.194848656654358 235430.0878228395 260303865.21346557
216.22222222222223 5828159.863812272 46605871.689498976 149.98424875843156 148.05394954661134 5082112848.499772 0.0 0.0 461231.917953105 866122.9668150307 1327364.3187357238 46410777.706097685 265.7420050733198 27.47513172545175 55.77864564000416 0.0 5618917.233042803 4719058.838485252 1.1906859874725342 225584.1877585491 266237176.48235673
220.08333333333334 5833533.098401375 47879733.79673825 151.52848812788773 149.21212907370347 5081635376.906611 0.0 0.0 449039.79012472637 857303.226219026 1306351.9224916787 47687606.441866234 254.47862499366195 26.44721144331236 54.23508484980891 0.0 5632163.2934124265 4749868.40601522 1.1857514381408691 216514.5669551387 274465552.0930234
223.94444444444446 5839325.414787024 49144073.84766315 152.30060781261582 150.3703086007956 5081159829.066225 0.0 0.0 437709.1408015815 848830.8681733035 1286549.261756592 48954818.85800061 244.00994339064232 25.455163122902647 52.18632077009166 0.0 5645208.115276634 4786014.230210714 1.1795217990875244 208175.90111090778 278409593.5656488
227.80555555555554 5837006.305989113 50391970.393622115 153.45878733970795 151.1424282855237 5080685726.159775 0.0 0.0 426730.73882268806 841003.9942424975 1267745.2706170795 50205348.3442087 234.2010841842266 24.481242412642423 50.11261993990276 0.0 5649759.366987925 4823186.227438757 1.1713749170303345 200319.18324211054 284649745.55599916
231.66666666666666 5864274.78446628 51652192.27987952 154.61696686680008 152.30060781261582 5080212347.029112 0.0 0.0 417707.5850163718 832143.0740827136 1249859.5975722163 51468503.42735904 225.041726953554 23.560567631406826 48.12021741907778 0.0 5683054.737835829 4883820.284187497 1.1636494398117065 193393.46081784714 290992604.49912626
235.52777777777777 5884089.549222598 52900365.9443322 155.77514639389221 153.45878733970795 5079740518.93061 0.0 0.0 409140.2972861753 823628.5567368706 1232778.0388186194 52719613.79262829 216.50203009722514 22.683394910782212 46.56755393398564 0.0 5708407.599784834 4941429.912365481 1.155213713645935 187040.2282228684 295120987.2978488
239.38888888888889 5895104.57497706 54129307.593121395 156.5472660786203 154.23090702443605 5079268387.410118 0.0 0.0 399589.14147860545 816676.2065789883 1216275.4581205884 53950684.625111476 208.4825383283102 21.83482170426264 44.77020043641614 0.0 5725400.325578449 4975553.677338742 1.150706171989441 180281.22118306186 301637378.0738054
243.25 5891423.839982485 55389926.21891883 157.70544560571244 155.00302670916415 5078795878.690603 0.0 0.0 390381.83160077047 809909.6865015877 1200301.620055173 55213389.709658235 200.94359537090696 21.016197923766182 43.44866130042512 0.0 5727408.066223138 4982718.492585652 1.1494544744491577 173873.2636738075 308256998.806671
247.11111111111111 5905397.508440042 56630308.24732561 158.8636251328046 156.16120623625628 5078323952.655358 0.0 0.0 382367.2719931301 802472.791901408 1184850.458279907 56456213.96907404 193.85150932357186 20.218724817044166 41.677827330947615 0.0 5746385.208199593 5010425.140239198 1.1468857526779175 168214.77766371332 314981809.85534966
250.97222222222223 5921873.943380248 57872319.98289317 159.63574481753267 156.93332592098437 5077851608.584928 0.0 0.0 374655.7345706099 795203.9297048403 1169868.4730593173 57700636.99371284 187.13946636532333 19.436947287309508 40.44823443056087 0.0 5767596.67698475 5051122.126628943 1.141844630241394 162877.7557354215 319365809.20484877
254.83333333333334 5904049.332714707 59070195.194312446 160.40786450226076 157.70544560571244 5077379842.621709 0.0 0.0 365498.03028849384 789924.9027711842 1155435.6529466892 58899946.37627977 180.80273952668796 18.686049582636954 39.15751659410685 0.0 5755149.563345853 5062207.803520702 1.1368852853775024 156928.5950006243 323797404.9729363
258.69444444444446 5899674.558933964 60350444.78298777 161.5660440293529 158.8636251328046 5076908938.255108 0.0 0.0 357539.16714962106 784003.0585745119 1141553.5003508476 60182098.955705255 174.83601111625572 17.977397103903666 38.170286422175366 0.0 5755372.951977082 5073852.389291823 1.1343201398849487 151816.56179396927 330770926.1251694
262.55555555555554 5930078.761206739 61563275.29967288 162.338163714081 159.63574481753267 5076438886.072725 0.0 0.0 351765.7288582216 776430.4016237037 1128207.199991219 61397409.48560682 169.21158018612033 17.30954205280411 36.84118966500299 0.0 5789511.253110241 5118572.836300596 1.1310791969299316 147623.7415860659 335323246.1984955
266.4166666666667 5935820.099665591 62784126.74994543 163.1102833988091 160.40786450226076 5075970545.426903 0.0 0.0 344586.18215825857 770771.6312444123 1115369.3319888338 62619942.981882945 163.90199921330125 16.676255777650447 35.52986629727246 0.0 5799512.114299184 5135048.947064066 1.1293976306915283 142923.205049265 339925182.14473695
270.27777777777777 5949426.270140582 63983828.31502624 163.88240308353718 161.17998418698886 5075502953.369451 0.0 0.0 337863.25984030636 765015.4621259965 1102891.6499281824 63821229.42211903 158.8563077173856 16.06445333471659 34.26352515489141 0.0 5817275.032985603 5152536.647749998 1.129011869430542 138353.43299435446 344575983.93090725
274.1388888888889 5921337.489919372 65243622.917331934 164.65452276826525 161.95210387171696 5075036096.342388 0.0 0.0 330218.1644340592 760502.5446648693 1090733.7242759205 65082326.20511514 154.06517785648347 15.483328287667911 33.214707778380664 0.0 5793461.35187261 5137134.636182942 1.1277612447738647 133688.20586818687 346678535.6669372
278.0 5910453.153498597 66495890.16957581 165.8127022953574 162.72422355644503 5074570183.945166 0.0 0.0 323393.6049014245 755490.8607192707 1078896.350208198 66336033.50324301 149.52917005126147 14.94258736634725 32.25636049046448 0.0 5786562.556831174 5138544.04723177 1.1261093616485596 129337.49412007237 356652037.4849435
281.8611111111111 5922432.873941703 67732230.40686765 166.58482198008548 163.49634324117312 5074104877.00774 0.0 0.0 317083.59772411524 750268.0347417092 1067362.1790160257 67573842.42946057 145.22245532684983 14.432449609021512 31.272471363669222 0.0 5802352.692936287 5160913.292978694 1.1242879629135132 125182.2963473645 358824148.9121193
285.72222222222223 5941090.349618126 68909825.08550663 167.35694166481358 164.26846292590122 5073640678.378746 0.0 0.0 311488.6994290941 744635.3035487636 1056136.4474623648 68753192.57798941 141.11979804295652 13.938885555097265 30.341036929171835 0.0 5824381.4907254735 5191539.2411029525 1.1218987703323364 121492.63905351344 366349578.23673975
289.5833333333333 5950591.878183873 70142534.13621369 168.12906134954167 165.04058261062931 5073178347.599141 0.0 0.0 305726.16784388846 739501.5199320586 1045239.1549920088 69987383.97177573 137.21103657932147 13.461176493145844 29.446025136037346 0.0 5837362.367840251 5216125.108760952 1.1190993785858154 117712.41861945289 371274799.93807876
293.44444444444446 5948655.674220706 71359873.51928121 168.90118103426977 165.8127022953574 5072717079.041615 0.0 0.0 299701.3109702555 734976.934979807 1034690.1464523288 71205944.37601075 133.4937340102292 13.011561741499026 28.577441792806976 0.0 5839002.033730609 5226277.832230522 1.1172391176223755 113852.74259421258 376250742.3246463
297.30555555555554 5965043.221168971 72553761.99641426 169.67330071899787 166.58482198008548 5072258236.51272 0.0 0.0 294726.77603493334 729799.766159416 1024539.441483013 72401437.12338687 129.96734137015287 12.592145118109496 27.995634718090802 0.0 5858398.543630202 5253235.036499315 1.1151982545852661 110588.3159436372 381278997.56649184
301.1666666666667 5919909.448932988 73788829.1828089 170.44542040372593 166.97088182244954 5071801309.701229 0.0 0.0 287777.9687002114 726937.584876497 1014730.3473189345 73637099.26465052 126.60184387932654 12.191755729445788 27.219700309634458 0.0 5817118.273601651 5226145.040257923 1.1130801439285278 106482.55458742274 386359281.22246134
305.02777777777777 5945123.564211753 75018305.31804347 171.21754008845403 167.74300150717764 5071346009.480481 0.0 0.0 283083.5679587127 722102.3483289063 1005197.8374808406 74867995.00080861 123.37097926917619 11.801389178799381 26.364659340340435 0.0 5845215.939491476 5262964.571699361 1.1106318235397339 103375.40474279856 391491529.6052594
308.8888888888889 5968829.122478775 76196455.87994778 171.6035999308181 168.5151211919057 5070892714.967907 0.0 0.0 278668.3398835908 717297.4407113089 995978.7999431929 76047493.16710135 120.27768165026379 11.428422169686131 25.64503264052068 0.0 5871725.548387397 5299453.245689121 1.1079870462417603 100363.48467490486 393850535.4893723
312.75 6002131.201429162 77415367.65685141 172.37571961554616 169.2872408766338 5070441272.556888 0.0 0.0 274545.73512062494 712496.8244907475 987054.3270694915 77267864.78644246 117.31373281950907 11.073492647453811 25.123925572169824 0.0 5907574.467494847 5344121.988585961 1.1054340600967407 97625.05197078799 399062753.0378591
316.6111111111111 5965067.644519317 78675447.99128777 173.14783930027426 170.0593605613619 5069991554.798999 0.0 0.0 268814.72677106434 709600.2815579429 978427.6716414822 78528600.48252782 114.47007582612846 10.735464563007236 24.359463135389706 0.0 5873715.431811299 5323124.7891041795 1.1034337282180786 94234.82845562516 404327540.0634583
320.47222222222223 5969827.412114194 79840561.07517837 173.91995898500235 170.44542040372593 5069545093.1795 0.0 0.0 264567.9561728086 705543.876902096 970127.0464620639 79694824.24796316 111.74698580725388 10.415698048246208 23.648109273410714 0.0 5881065.295702519 5338544.198107053 1.1016234159469604 91479.01521511008 409646667.31423736
324.3333333333333 5984048.8196706055 81070488.09250107 174.69207866973045 171.21754008845403 5069100638.606295 0.0 0.0 260519.40236520304 701597.0441382864 962129.6886788491 80925885.77358468 109.12737298629969 10.112518775316767 23.115735126070305 0.0 5897705.238761979 5363676.978116488 1.0995638370513916 88907.3227530098 415019127.3337136
328.19444444444446 5966119.389987008 82299853.81403533 175.07813851209448 171.6035999308181 5068659152.867385 0.0 0.0 255872.7281479537 698546.0120196666 954433.5170034677 82155975.9405025 106.60922727528775 9.824259121175276 22.439632208736636 0.0 5882456.202915282 5362052.0524274595 1.0970531702041626 86081.04999146733 417505068.3426472
332.05555555555554 5997232.413189562 83485422.58516097 175.85025819682258 172.37571961554616 5068219998.478593 0.0 0.0 252397.484535194 694606.3017087111 947020.1323082461 83342647.80587278 104.18333978489483 9.548290398942923 21.8582168525858 0.0 5915728.610070131 5408464.557035683 1.0937907695770264 83790.97932743783 422960506.4486984
335.9166666666667 6032337.286933763 84697402.25701912 176.62237788155068 173.14783930027426 5067783848.383398 0.0 0.0 249433.54797542666 690440.2268539527 939888.6953354462 84555820.6514807 101.85077416396683 9.285968903325792 21.33992719139735 0.0 5952763.484619444 5457122.494856734 1.0908246040344238 81742.25924705758 428470731.0810805
339.77777777777777 5994719.321744931 85964705.76580124 177.0084377239147 173.5338991426383 5067349920.402109 0.0 0.0 244852.42288874637 688116.2849224468 932983.1517357159 85823610.30135185 99.60116656922756 9.034487613975076 20.928262212796614 0.0 5917664.749172635 5433578.845471069 1.0890915393829346 79106.30054107062 431029082.01532924
343.6388888888889 6027680.548162989 87132382.75296167 177.7805574086428 174.3060188273664 5066917341.957577 0.0 0.0 242024.9367217227 684202.0125254943 926242.9420471977 86992389.00859103 97.422757630555 8.790585289771146 20.327363349847744 0.0 5952439.41582015 5474644.25253675 1.087274193763733 77188.4228152103 436621442.01282394
347.5 5997577.1483126255 88421441.75962795 178.5526770933709 174.69207866973045 5066486361.956821 0.0 0.0 237899.052505226 681724.9798733033 919638.6725533613 88282045.87026696 95.31369170543825 8.55291441056814 19.72232533329619 0.0 5924569.148309514 5461425.88317324 1.0848026275634766 74853.42375625973 442267665.37095815
351.3611111111111 5989265.232961899 89628854.33145462 178.93873693573494 175.46419835445852 5066056685.710295 0.0 0.0 234242.53282569908 678891.2825866672 913150.6879025595 89490209.82508427 93.27192551965695 8.321950939279667 19.356757353337308 0.0 5918261.590829228 5467132.057733496 1.0825166702270508 72755.03986805837 444896079.33422464
355.22222222222223 6023170.589043056 90855572.47048807 179.71085662046303 175.85025819682258 5065627825.819584 0.0 0.0 231562.7428361403 675180.0569708725 906756.9650118699 90717923.29977432 91.28971645050986 8.09454190442288 18.798495591878602 0.0 5953861.446738258 5508582.488537726 1.0808336734771729 70973.81677628263 450623713.34729147
359.0833333333333 6015195.663320884 92096159.77844629 180.09691646282707 176.2363180391866 5065200868.583412 0.0 0.0 227976.22010051267 672483.4050004123 900474.2150474822 91959179.95866096 89.37184032745768 7.872352222519656 18.327084874476995 0.0 5947834.180501889 5511463.431522901 1.0791751146316528 68941.9435355786 453294460.63837945
362.94444444444446 6014184.745433883 93310178.18774655 180.86903614755516 177.0084377239147 5064774681.792189 0.0 0.0 224799.89203985015 669474.110670709 894289.0059256534 93174004.51907408 87.51145270354063 7.656066484025374 17.908537142792856 0.0 5948569.672325602 5519968.719041898 1.0776455402374268 67117.75725326053 459104571.3845885
366.80555555555554 6034757.744672374 94517435.63134769 181.2550959899192 177.39449756627874 5064349523.683511 0.0 0.0 222056.7705638928 666136.881307903 888209.0213378905 94382155.84846568 85.70895326650272 7.445993653296024 17.36180353617504 0.0 5970733.615417445 5547781.023794457 1.0762381553649902 65453.91694843284 461817070.1333825
370.6666666666667 5986826.489530815 95803323.96894285 182.0272156746473 177.7805574086428 5063925797.028795 0.0 0.0 218065.8355015159 664147.7237321779 882227.9328560659 95668483.50740483 83.96051229482727 7.2404853815382975 16.989536403928575 0.0 5924782.451784698 5512090.941972529 1.074870228767395 63402.32663811374 467709886.10095686
374.52777777777777 6017178.766351191 96972290.00346658 182.41327551701133 178.5526770933709 5063503432.932799 0.0 0.0 215262.07450505235 661062.0069887282 876340.5678007496 96838251.60168532 82.26300155760735 7.03911873275353 16.506712123814513 0.0 5956685.747471025 5549173.849600776 1.0734364986419678 61786.25053746672 467280373.84022254
378.3888888888889 6019693.756412299 98210881.20679006 183.18539520173942 178.93873693573494 5063082222.727854 0.0 0.0 212411.07979851216 658124.7998925189 870551.2628592482 98077617.9306529 80.61385534305464 6.843033014067293 16.132644609789082 0.0 5960716.951302296 5559786.51139842 1.0721125602722168 60209.105894329885 476441473.7837013
382.25 6027282.842430345 99394754.36389317 183.5714550441035 179.32479677809897 5062662837.004926 0.0 0.0 209520.41039526917 655334.2984842139 864872.2401154226 99262213.02086374 79.01661180106926 6.653063995399467 15.6142226226643 0.0 5969806.7873711325 5574182.166933246 1.0709744691848755 58650.64896583086 479240651.8389664
386.1111111111111 5986128.232231627 100688728.2171062 183.95751488646752 179.71085662046303 5062244917.7920475 0.0 0.0 206060.4128227771 653235.2581748785 859311.655564407 100556684.99921626 77.46921797134836 6.469907671760187 15.270648916642067 0.0 5930310.387314316 5542214.9829059 1.0700253248214722 56937.13950907934 482054377.7105875
389.97222222222223 5987949.113427397 101876713.09930426 184.72963457119562 180.09691646282707 5061828874.468362 0.0 0.0 203267.64075511234 650594.3821386655 853879.9266629086 101745321.95585203 75.97486667848791 6.294674339604008 14.87270394262207 0.0 5933566.168093936 5549198.878952902 1.069265365600586 55451.061036677864 488144404.89930815
393.8333333333333 5974269.889330886 103124614.73897351 185.11569441355965 180.48297630519113 5061414289.938286 0.0 0.0 200355.67910066198 648207.2937186572 848581.1401443229 102993814.48818064 74.53095632539252 6.128164705743343 14.539582288801645 0.0 5921318.037426578 5540633.188807961 1.068707823753357 53971.683086960795 491002673.0781289
397.69444444444446 5983758.679053581 104324143.81908366 185.50175425592371 181.2550959899192 5061001843.2457285 0.0 0.0 197779.86959886004 645616.0424452616 843413.6625599937 104193991.91234535 73.13690221359558 5.969580960694738 14.1803725218642 0.0 5932113.4363462925 5554066.37656889 1.0680667161941528 52619.949658298625 493876229.480843
401.55555555555554 5978234.943227209 105541677.58400214 186.27387394065178 181.64115583228326 5060591353.770939 0.0 0.0 195289.24671022367 643056.5998968612 838364.6506217574 105412165.9489573 71.78694593098062 5.816740047460728 13.802216442975475 0.0 5927842.2788074445 5553884.024272064 1.0673327445983887 51324.96230096379 496764356.8056068
405.4166666666667 5950327.45128944 106833994.93889722 186.65993378301584 182.0272156746473 5060181994.305549 0.0 0.0 192410.28561800727 640986.1883495387 833413.186075731 106704983.81028292 70.4748640974201 5.667729155938116 13.539670571208314 0.0 5901268.993573569 5532492.567096734 1.066656470298767 49950.01553970798 502999781.0373195
409.27777777777777 5976305.1536383815 108004526.85391802 187.04599362537988 182.41327551701133 5059774398.884819 0.0 0.0 190231.63980236946 638317.1738442791 828566.6200366041 107876173.26827809 69.20231242824316 5.522901086058626 13.238013423956932 0.0 5928365.528586419 5560970.958252437 1.0660666227340698 48793.32742944191 505933370.92911756
413.1388888888889 5992020.1682996955 109181787.24997805 187.81811331010798 182.7993353593754 5059369102.259674 0.0 0.0 188128.97607011948 635688.0903816427 823836.9808706467 109054057.92715792 67.97062138920126 5.383282610320196 12.914091404046056 0.0 5945173.764283491 5579529.554756097 1.06553316116333 47664.45132225984 512253759.23374724
417.0 5971582.533530784 110435287.5983187 188.204173152472 183.18539520173942 5058965078.213746 0.0 0.0 185652.92968351342 633543.1619332647 819216.1479287772 110308073.16085541 66.77579438786863 5.2491390868100645 12.610877315803311 0.0 5925884.615038207 5564621.077239592 1.064921498298645 46481.971457841464 515232874.1381737
420.8611111111111 5957377.854032009 111691143.23667076 188.59023299483607 183.5714550441035 5058563107.154786 0.0 0.0 183403.08900229537 631293.6002754504 814714.4165590656 111564436.90166879 65.61940867173004 5.120856492074432 12.300350042073628 0.0 5912777.544330886 5556102.666370015 1.064195156097412 45352.1550888228 518227816.4890884
424.72222222222223 5927414.370865364 112902875.5926162 188.9762928372001 183.5714550441035 5058162923.969413 0.0 0.0 180802.64264134385 629496.2911131169 810318.5106410978 112776594.28629574 64.49837002380364 4.997110181654427 12.058359114001952 0.0 5883941.742397556 5532690.806152027 1.0634864568710327 44193.49105488497 521238248.9885826
428.5833333333333 5939839.850038409 114142019.79805243 189.36235267956417 183.95751488646752 5057764094.28757 0.0 0.0 178889.67641626782 627108.4263544176 806017.5590157696 114016272.11241308 63.40860951388066 4.876920038582963 11.770379935684298 0.0 5897339.18608057 5548278.6731618 1.0629132986068726 43192.60174042364 524263635.45820725
432.44444444444446 5936056.195888348 115382036.33037949 190.13447236429224 184.34357472883156 5057367244.242838 0.0 0.0 176842.32659771838 624950.5178190301 801810.7810247523 115256793.92079973 62.349645185999734 4.759956433929215 11.474451584031168 0.0 5894506.851317058 5548243.006225116 1.0624096393585205 42213.88433369828 530760252.91721904
436.30555555555554 5926095.710581568 116586870.189967 190.5205322066563 184.72963457119562 5056971950.852218 0.0 0.0 174847.9533807165 622819.8827765498 797686.0160798171 116462137.5236503 61.31913624407598 4.645719444796623 11.270978885691399 0.0 5885446.83039261 5543149.1401287485 1.0617514848709106 41287.40753633896 533831898.6968366
440.1666666666667 5915349.3383282535 117778002.99925438 190.90659204902033 185.11569441355965 5056577777.116512 0.0 0.0 172804.9800960297 620812.3905230504 793638.105566229 117653740.94534509 60.315417891479015 4.534362719863255 11.027941509334237 0.0 5875599.412100757 5540415.367668188 1.0604979991912842 40363.33508612821 536918668.794272
444.02777777777777 5929797.577760273 119035985.39099938 191.2926518913844 185.50175425592371 5056185652.594156 0.0 0.0 171076.52437223648 618580.8539073697 789676.2640493362 118912256.11188671 59.340457764391665 4.426677694505072 10.8113483926534 0.0 5890841.985720163 5559881.359425285 1.0595265626907349 39545.557409105735 540021503.0055957
447.8888888888889 5931013.447823333 120246453.5825528 191.67871173374843 185.88781409828775 5055795073.80628 0.0 0.0 169312.85399608075 616466.0504666031 785796.9237469839 120123197.76371452 58.392640793528685 4.322617452895225 10.593313346562699 0.0 5892870.425070647 5565366.2557735685 1.0588468313217163 38710.58307591472 543139909.3856921
451.75 5936916.504556717 121410160.69613516 192.06477157611246 186.27387394065178 5055405995.424567 0.0 0.0 167588.47532875228 614388.9052336557 781997.6433922875 121287386.7794812 57.471227853558936 4.2220735501026265 10.367199516959722 0.0 5899539.676569495 5577468.850156372 1.0577449798583984 37922.84369121501 546273863.444027
455.6111111111111 5934440.599052029 122608087.1390864 192.45083141847653 186.65993378301584 5055018070.492481 0.0 0.0 165868.0024612745 612387.9558785701 778277.2446294808 122485766.06023489 56.57490425017364 4.125320675200169 10.178068780088903 0.0 5897821.014149682 5579958.073697472 1.0569651126861572 37145.32896077929 549423044.7337373
459.47222222222223 5928911.332078969 123837603.15154211 193.2229511032046 187.04599362537988 5054632482.372377 0.0 0.0 164133.8335232442 610488.8511185744 774645.3193419321 123715686.99792598 55.70477547634392 4.03242558088516 9.991218606672778 0.0 5893057.379032253 5577372.895627766 1.0566009283065796 36360.27930724448 552588699.0024086
463.3333333333333 5935514.831808947 125085123.25933856 193.60901094556866 187.43205346774394 5054248125.854376 0.0 0.0 162636.94539147543 608431.7332152537 771088.9837113405 124963682.81804994 54.85741419261041 3.9428430588049537 9.794725174956607 0.0 5900321.50412128 5590251.62855429 1.0554661750793457 35681.289478754414 559353088.6801696
467.19444444444446 5916160.132337045 126305092.14971423 193.9950707879327 187.81811331010798 5053865595.465352 0.0 0.0 160886.55048154993 606702.9936964165 767610.2576571119 126184007.36465088 54.03373005244646 3.856599113166225 9.602595662949923 0.0 5881709.690675463 5575671.512148568 1.054888129234314 34920.82585701488 562565163.0709466
471.05555555555554 5906986.264281768 127516500.83262067 194.38113063029675 188.204173152472 5053484364.574267 0.0 0.0 159217.97514865646 604962.9958607485 764201.5226429839 127395829.57754415 53.23140580829438 3.7731496304419467 9.40316927826089 0.0 5873189.3642030135 5570911.6137599535 1.054260015487671 34250.42001642171 565792855.2371333
474.9166666666667 5903488.809136744 128733213.39159317 194.7671904726608 188.59023299483607 5053104894.156247 0.0 0.0 157705.860882083 603137.3750794783 760863.1084051951 128612931.60668059 52.450715376188086 3.6926087045608567 9.269963339537448 0.0 5870336.766661077 5574698.466708255 1.0530321598052979 33589.66914516615 569036657.2955687
478.77777777777777 5931281.556569817 129910189.18562233 195.15325031502482 188.9762928372001 5052726489.852364 0.0 0.0 156525.40010979382 601040.0420032733 757585.6476578399 129790369.76195322 51.689391574476524 3.6146882506128546 9.107477193057758 0.0 5898672.841790073 5603687.595803143 1.0526412725448608 33031.35059655915 568652632.7051426
482.6388888888889 5937251.677225005 131076828.75302821 195.53931015738888 189.36235267956417 5052349720.36035 0.0 0.0 155238.1245839786 599109.1245002588 754370.8370499836 130957421.70838062 50.94757260562627 3.5391533380579694 8.901539341373496 0.0 5905209.973987626 5616745.894714089 1.0513578653335571 32449.715618776143 575571198.1396592
486.5 5937204.46109673 132298663.52861798 195.92536999975292 189.7484125219282 5051974437.277461 0.0 0.0 153752.40511870472 597437.4892642881 751213.4989381928 132179634.19422689 50.2242836849902 3.465833030966397 8.766920801328048 0.0 5905736.469256643 5619551.346137829 1.050926685333252 31862.04784853767 578862420.0223668
490.3611111111111 5944972.041485286 133505223.7286625 196.31142984211698 190.13447236429224 5051600623.070418 0.0 0.0 152522.18787947047 595563.6041199362 748109.403004336 133386585.26880854 49.51845131808431 3.394402776741866 8.60965802682861 0.0 5914041.078739915 5633805.749782222 1.0497417449951172 31311.56492113745 582169583.1484715
494.22222222222223 5928295.929017218 134781202.9888386 196.697489684481 190.5205322066563 5051228182.022384 0.0 0.0 151091.1634755019 593946.8276726415 745057.9311114933 134662921.16243625 48.82983491150326 3.3250143319336 8.465336030023343 0.0 5897911.358819824 5621229.922788957 1.0492208003997803 30752.35233135009 585492620.9149065
498.0833333333333 5937222.819144856 135966734.40160722 197.08354952684505 190.90659204902033 5050857056.065863 0.0 0.0 149889.06334269367 592148.2657488368 742057.5446902812 135848826.02485925 48.15780644534277 3.257541681680484 8.318439766344898 0.0 5907345.39307226 5637822.82462117 1.0478061437606812 30232.95561136057 585114841.8549865
501.94444444444446 5963286.518978575 137125557.68140998 197.4696093692091 191.2926518913844 5050487168.684626 0.0 0.0 148871.65326324932 590216.0877485739 739108.9683314463 137008070.99898195 47.50199927045905 3.1920736966828698 8.190170284546019 0.0 5933845.729365472 5664390.074043762 1.0475701093673706 29784.703022337842 592186182.1864718
505.80555555555554 5953484.727450063 138335815.54861525 197.85566921157314 191.67871173374843 5050118863.093634 0.0 0.0 147379.1688508388 588813.2516832405 736214.1769698265 138218611.8565067 46.86283716122291 3.128834753073715 8.057617203952395 0.0 5924596.438198784 5661920.071891237 1.0463935136795044 29220.86191699862 595557027.8628861
509.6666666666667 5933686.6158982115 139566290.49326575 198.2417290539372 191.67871173374843 5049751534.681612 0.0 0.0 145907.45257555856 587438.2774423149 733367.2396027606 139449367.97768912 46.23852134502158 3.0676186423761482 7.936698095411602 0.0 5905333.547583728 5645174.985217341 1.0460851192474365 28674.718184450176 598943461.2646627
513.5277777777778 5937151.189186672 140734918.81630245 198.62778889630124 192.06477157611246 5049385949.631156 0.0 0.0 144821.60699994306 585724.3773905449 730569.8302046194 140618341.04649216 45.62981153610617 3.008391320744181 7.795168338566984 0.0 5909248.665809593 5654667.533473417 1.045021414756775 28214.203640704938 602346276.8125616
517.3888888888889 5947790.544705752 141906165.0642905 199.01384873866527 192.45083141847653 5049021153.238921 0.0 0.0 143768.4360789043 584015.3802717463 727809.4118336369 141789931.98852143 45.03400633177733 2.950445213304609 7.65214066714807 0.0 5920322.1607766915 5667736.326339358 1.0445655584335327 27770.360030810232 605764544.2947917
521.25 5964798.967319882 143098671.73604012 199.39990858102934 192.83689126084056 5048658063.697239 0.0 0.0 142800.59206529814 582264.0987589771 725090.2330992478 142982804.47842988 44.45211929555151 2.893832620889613 7.530380876764631 0.0 5937724.590921127 5689698.052496537 1.0435922145843506 27367.346494706922 609199210.2169178
525.1111111111111 5970045.325163184 144302248.30176327 199.78596842339337 193.2229511032046 5048295983.308556 0.0 0.0 141682.32297868677 580699.6231956851 722407.7357733093 144186698.30547336 43.88256522817127 2.838370493218811 7.42361273723718 0.0 5943397.60314451 5698703.317576 1.0429385900497437 26931.809950053048 612649602.6070037
528.9722222222222 5985258.184268979 145496227.64732406 200.17202826575743 193.60901094556866 5047934757.654171 0.0 0.0 140689.9823025544 579046.7022730736 719762.4508085755 145381018.66078758 43.325143518558704 2.7842719069295496 7.312234866571145 0.0 5958996.136366737 5717492.524995042 1.0422394275665283 26537.90600936343 616115594.2126215
532.8333333333334 5945056.628993706 146743965.14552096 200.17202826575743 193.60901094556866 5047575206.772803 0.0 0.0 139158.65503128027 577978.5547190971 717162.5744873735 146628931.24980104 42.78110011180623 2.731843612192102 7.201720705316437 0.0 5919329.591922585 5684950.799945747 1.04122793674469 25994.45572667669 615753965.153964
536.6944444444445 5952664.509849002 147949143.352414 200.55808810812147 193.9950707879327 5047216810.915384 0.0 0.0 138130.79214993765 576448.4316824791 714603.755961894 147834421.3731476 42.24949424212609 2.681162137378257 7.094664805174908 0.0 5927319.271062866 5694460.025742264 1.040892243385315 25605.048636559528 619238045.5344511
540.5555555555555 5966142.806925265 149149502.20338267 200.9441479504855 194.38113063029675 5046859863.180663 0.0 0.0 137159.05405257174 574901.8433444956 712084.5134130497 149035095.51486123 41.73024698061591 2.6321383482995717 6.944529235428931 0.0 5941161.538097907 5713540.973974 1.0398387908935547 25233.83860756204 622738307.2509768
544.4166666666666 5976872.321780287 150360954.31904387 201.33020779284956 194.7671904726608 5046504076.708922 0.0 0.0 136208.57539682096 573368.3325541152 709599.6541505127 150246853.2929551 41.222272174005276 2.5845536509257365 6.8497837464245475 0.0 5952251.72879694 5726269.56200225 1.0394641160964966 24866.142809980167 626254482.3524055
548.2777777777778 5995961.820557586 151555202.53045955 201.7162676352136 194.7671904726608 5046148796.056605 0.0 0.0 135374.721816798 571744.5503885304 707141.8235754184 151441400.51705247 40.72425274546786 2.5381708236205123 6.746696253953892 0.0 5971697.098800708 5749557.377277151 1.0386359691619873 24503.59138021916 629785942.6136163
552.1388888888889 5974754.082754581 152736634.20176083 202.10232747757766 195.15325031502482 5045795378.249101 0.0 0.0 134173.59291295867 570520.876677199 704719.761389024 152623063.1558035 40.23751874727628 2.492953145690699 6.6458195355636525 0.0 5950900.572809038 5732771.708122321 1.0380494594573975 24085.672673501376 633334089.5174792
