time blob_mass ism_mass r_forward r_reverse total_mass E_blob E_ism blob_energy ism_energy total_energy ism_rest total_lum reverse_lum reverse_lum2 reverse_lum3 blob_mass2 critical_mass maxgamma blob_kinetic swept_up
0.0 3491847.489487977 0.0 0.0 7.528166926098881 16010676700.243187 0.0 0.0 5237773.127518328 0.0 5237773.127518329 0.0 6.354162955434523e-06 6.354162797810623e-06 6.354162797810623e-06 0.0 1396739.0724462932 558695.6822598896 2.499999761581421 5237770.276093185 0.0
3.861111111111111 3481845.6110729664 16320.218991423291 12.933004719195512 12.933004719195512 16010652798.491125 0.0 0.0 5210088.768471677 340.3825923544184 5210429.162703226 16290.942448482823 6.471601260175875 2.956533765574149 6.311089507997924 0.0 1397291.565666184 555466.0468748668 2.5155301094055176 5205226.237240103 4052357.313707359
7.722222222222222 3468211.7127402206 47686.83180064383 16.793603142835966 16.407543300471918 16010608744.380133 0.0 0.0 5164529.322353835 688.2869584564223 5165217.6171148 47642.001759365085 17.868042312557435 8.021767974646412 17.28043983540408 0.0 1400982.6800243028 556117.7197470365 2.5192196369171143 5153447.192848903 4692241.843034345
11.583333333333334 3458687.9862866313 99762.4759828252 20.268141724112372 19.882081881748327 16010552279.02972 0.0 0.0 5113892.764965901 1634.7333376966837 5115527.514459001 99628.71660056959 34.4712251885727 15.243818089112773 32.895811043141634 0.0 1410248.5699955358 562758.0838524657 2.5059587955474854 5094325.928871596 5585269.093823425
15.444444444444445 3455899.1412363807 176206.35269678134 23.742680305388777 23.356620463024733 16010482406.942963 0.0 0.0 5059365.5021672165 2965.577812213811 5062331.099857519 175947.05706000226 57.026134543343225 25.778376454364764 54.02736838446435 0.0 1427479.2845040786 570378.7302971722 2.5026867389678955 5028393.5501055075 6848886.047372977
19.305555555555557 3457848.365843066 283286.64143442624 27.217218886665183 26.83115904430114 16010397656.725079 0.0 0.0 5001338.596029489 4972.216639721976 5006310.848599005 282818.6516698277 89.51052542249855 41.91679401865343 84.4997192963162 0.0 1450758.2149394704 579707.9742895442 2.5025672912597656 4955109.011876704 8546828.789799586
23.166666666666668 3469906.7171022454 422423.80062511726 30.691757467941592 30.305697625577547 16010296517.810354 0.0 0.0 4941342.489913477 7229.028608663583 4948571.563303855 421746.200772002 135.81189804338152 66.28936758924661 127.99145862292094 0.0 1485302.3888426737 593473.3608758203 2.50272798538208 4874560.678369799 10742793.196061902
27.02777777777778 3487749.5010273326 596543.9607187307 34.166296049218 33.78023620685395 16010175188.520298 0.0 0.0 4875367.670850473 10856.56225303403 4886224.293891594 595458.7896092004 196.7685873177406 98.44462813317847 185.4239395962666 0.0 1528122.6683166274 610548.7194265216 2.5028676986694336 4783515.930379477 13498184.704504477
30.88888888888889 3517471.4290073453 809288.1154998983 37.6408346304944 37.25477478813036 16010035807.21499 0.0 0.0 4810240.616217679 14773.45715350158 4825014.132576353 807806.6072164114 265.11058161068524 131.56044616589662 247.76051267377468 0.0 1582335.8672398345 632177.0554841586 2.5029947757720947 4690605.864866826 16880348.662676968
34.75 3561805.943614742 1066871.5384178523 40.72931336940677 40.34325352704272 16009881833.745546 0.0 0.0 4751511.099467036 20305.665985775857 4771816.855419183 1064662.3213595334 340.1311443277526 167.36221741374882 317.81643761038447 0.0 1648302.6780410951 658486.4836074194 2.5031685829162598 4603097.175137015 20450681.800011195
38.611111111111114 3635320.070184524 1369421.5295234162 44.20385195068317 43.817792108319125 16009716300.100737 0.0 0.0 4704569.418390213 26606.343670069225 4731175.8886729255 1366396.0347555464 424.0832419361199 208.4214307383974 392.63391885540574 0.0 1738571.1929182461 694494.868190742 2.5033607482910156 4524191.07989137 25202609.72788942
42.47222222222222 3728788.641386793 1729901.7592922996 47.67839053195958 47.29233068959553 16009543826.381872 0.0 0.0 4675683.337066652 34269.142938926525 4709952.621925346 1725934.8881612427 516.4612132799202 255.0467801261612 476.2229886633877 0.0 1841129.8275885826 735418.7723577975 2.503512144088745 4459853.6355212545 30780793.555995982
46.333333333333336 3865889.5915357433 2137874.8749299687 50.766869270871936 50.380809428507895 16009370347.729065 0.0 0.0 4678956.090904156 40977.215970160185 4719933.47670135 2133295.506358348 611.8469161200551 300.08112445729546 561.2678922366454 0.0 1973970.8690604896 788456.0158578 2.5035903453826904 4425256.24736751 36471201.39868838
50.19444444444444 4043755.355855783 2612715.632686711 54.24140785214835 53.8553480097843 16009211047.989038 0.0 0.0 4737346.924087056 51921.13974406389 4789268.222421895 2606603.8782100147 690.9433058890276 331.3742438019197 627.9989929290608 0.0 2124171.6944428943 848530.4265697935 2.5033535957336426 4452402.3834201675 43814292.110897064
54.05555555555556 4273518.278604087 3145166.5783878556 57.329886591060706 56.943826748696665 16009072706.372904 0.0 0.0 4864130.706034883 64098.472861850794 4928229.406833796 3137247.497461225 767.0503127074287 360.43576187028935 689.5582503703013 0.0 2298269.3939070655 918269.5795132495 2.502826452255249 4551252.2229977995 51200333.75224622
57.916666666666664 4559373.905051967 3742618.101261947 60.80442517233711 60.41836532997307 16008954959.98364 0.0 0.0 5054317.477429857 77663.74156991746 5131981.559858652 3732914.7222264013 855.7836589396906 400.1432749123761 762.2385482916069 0.0 2502448.0308874976 1000026.6570561293 2.5023813247680664 4710746.699840861 60569362.72386251
61.77777777777778 4872825.041588432 4408101.490028828 63.892903911249476 63.50684406888543 16008809235.232265 0.0 0.0 5242260.220295051 85848.63886761744 5328109.150811703 4397914.869806469 973.5505615871969 453.7491618928807 867.2905516205067 0.0 2736035.4263949986 1093487.1983875067 2.502119302749634 4856253.354444847 69815319.83319145
65.63888888888889 5114765.303289173 5128296.372098556 66.98138265016183 66.59532280779779 16008568036.257044 0.0 0.0 5328281.556660959 97282.31093190452 5425564.087501508 5117242.62125418 1094.020303683239 495.8864653179505 979.1969430104261 0.0 2937815.241694365 1174618.3085162295 2.5010807514190674 4900835.110867325 79916087.7615514
69.5 5226045.941136696 5940273.630027406 70.45592123143824 70.0698613890742 16008162982.722712 0.0 0.0 5223793.801871887 112319.62422072348 5336113.7458328735 5927422.686071481 1201.243165058173 526.323335112182 1071.3774128754133 0.0 3084472.1375293178 1234070.8406507461 2.4994287490844727 4762386.597834023 92338661.84837517
73.36111111111111 5207163.564563538 6779490.149555532 73.54439997035061 73.15834012798656 16007556458.671082 0.0 0.0 4884980.734573528 123777.52833277623 5008758.473226805 6765733.58086713 1257.6396505526081 538.9419225237561 1115.707679850469 0.0 3193825.541924381 1278163.096293598 2.4987621307373047 4403982.424562348 104245525.02019325
77.22222222222223 5080110.017075169 7693249.492436103 76.63287870926297 76.24681886689892 16006809905.74882 0.0 0.0 4393517.059445383 135538.26530537943 4529055.638558331 7678368.083194677 1250.3625408401672 514.839567290129 1100.9864106119628 0.0 3254194.4592329515 1301718.8745580756 2.4999210834503174 3912810.840837894 117105761.20394985
81.08333333333333 4927564.444350096 8708518.88801812 79.72135744817533 79.33529760581128 16006032584.371376 0.0 0.0 3891247.9490235085 158580.47960692365 4049828.8271156508 8689650.557082176 1155.8565758461157 437.41318741382025 988.3873968653562 0.0 3289798.6271761423 1316143.248040262 2.499574899673462 3431242.6300666924 131074384.866213
84.94444444444444 4924596.320149372 9782923.313503046 83.19589602945173 82.80983618708768 16005358311.203745 0.0 0.0 3573887.6109934887 181510.35680658254 3755398.3697892977 9759260.14296847 979.8641422866284 333.69260525856276 743.0472581293553 0.0 3398513.756617586 1359172.185278193 2.500429153442383 3139970.7661098163 148408112.21261007
88.80555555555556 4990249.577447515 10999819.313794414 86.67043461072814 86.28437476836409 16004783211.306795 0.0 0.0 3421056.8698444613 209458.27011436698 3630515.473995963 10970302.590161571 802.741498564632 259.65511947738867 536.3809397144868 0.0 3506588.9750730996 1400893.8514103093 2.503108263015747 3013292.040465436 167405937.1706262
92.66666666666667 5228249.682217577 12241020.31060325 89.75891334964051 89.37285350727646 16004348040.232498 0.0 0.0 3519603.8611264843 217286.73926200074 3736891.0554950763 12212715.516214047 700.7265349073439 244.1039199051202 463.57551591723416 0.0 3689556.2031999533 1491448.4855584938 2.4738073348999023 3097080.4414437898 185735435.381351
96.52777777777777 5386600.3910758095 13495102.011297565 93.23345193091691 92.84739208855287 16003763351.703596 0.0 0.0 3406618.531116938 215860.6350734204 3622479.806417578 13470005.639684452 643.410486874323 241.19692356324362 450.11270048050227 0.0 3871717.1184158274 1579467.895665291 2.451279401779175 2968262.467244685 207857631.34508657
100.38888888888889 5129636.438510838 14836025.033214608 96.32193066982927 95.93587082746522 16002751179.687153 0.0 0.0 2812394.655698221 214763.60861311335 3027158.7374937227 14813611.295436434 574.0709359703845 206.53892989917568 402.2866923710624 0.0 3838909.159592673 1567559.4414025545 2.44897198677063 2413023.62501903 228499271.34153667
104.25 4830270.03284507 16195959.929512378 99.41040940874163 99.02434956637758 16001672074.61813 0.0 0.0 2283936.703978129 216905.70132525175 2500843.0891570714 16174908.36380779 531.5068543900295 186.44364369665445 376.92151693973574 0.0 3751661.0975615503 1533862.2133266868 2.445891857147217 1924001.6766566653 250505112.58340755
108.11111111111111 4658409.028262655 17598776.41907009 102.88494799001803 102.49888814765399 16000694832.69796 0.0 0.0 1966735.7939889606 220422.13029315096 2187158.5408332683 17578402.35712406 514.9456904648825 181.10522432612575 372.46679666563756 0.0 3708374.3148692525 1528786.1563173851 2.4256985187530518 1628573.2684430224 277266177.0555649
111.97222222222223 4595032.99895856 19007795.698457964 105.9734267289304 105.58736688656636 15999801412.656372 0.0 0.0 1783136.2307741444 224317.8907821861 2007454.8421621607 18987850.30570926 515.2516765960248 183.52426680175017 381.85496709685077 0.0 3715683.577783862 1563045.3704936774 2.3772077560424805 1454784.1857245618 302650986.44593483
115.83333333333333 4651356.6929202555 20486594.407072626 108.67584562547871 108.28978578311467 15998976602.377655 0.0 0.0 1690305.136898331 225842.249863714 1916148.2687584788 20467364.319621757 517.1717967070509 184.39673724443708 391.5595911419553 0.0 3801146.3842665805 1665435.611889567 2.2823736667633057 1363341.5599979796 326109453.0151133
119.69444444444444 4805305.383495635 21924568.382052436 111.76432436439107 111.37826452202704 15998191995.057987 0.0 0.0 1640344.2027122057 226125.0374026493 1866470.3025304524 21906055.662020244 499.696466921841 173.36636046254884 378.4613243226424 0.0 3961865.5162124936 1837053.1722082817 2.156641721725464 1314491.2198763837 354592400.46605873
123.55555555555556 4905606.705993875 23478623.217517678 114.4667432609394 114.08068341857535 15997393562.774937 0.0 0.0 1573768.4884801167 231473.19878507598 1805242.4810579407 23459626.909238286 447.3367619884977 145.43792543879107 332.44054918647754 0.0 4073256.53525473 1987350.614509169 2.049591302871704 1261955.5732530463 380763316.68260854
127.41666666666667 4990418.37096969 25056604.430416748 117.55522199985175 117.1691621574877 15996551049.732183 0.0 0.0 1488680.508886646 234842.8274572366 1723524.2177127847 25037301.284614876 384.372936096221 119.43684970085411 272.10557691380365 0.0 4181074.6225312497 2123308.12593507 1.9691323041915894 1195837.4910605715 412338712.90233564
131.27777777777777 4996491.151185522 26641376.791292995 120.25764089640008 119.87158105403603 15995656007.592709 0.0 0.0 1386439.3334726845 238836.2113238654 1625276.7198272985 26621548.849761438 327.7221350819084 97.98449771987654 216.83183629643858 0.0 4222454.075520766 2223209.3827837394 1.8992606401443481 1116645.630985317 441240024.11478025
135.13888888888889 5019604.381158325 28238763.620204464 122.96005979294839 122.57399995058434 15994729002.650661 0.0 0.0 1293589.899499829 237179.72538282015 1530770.7363762842 28219894.58881082 285.37561615575765 83.03609156050227 183.9069562902734 0.0 4281993.342381966 2334484.3467110577 1.8342351913452148 1041456.772799617 471476840.4707464
139.0 5023408.370891709 29853966.58477381 125.27641884713266 124.89035900476861 15993796615.158243 0.0 0.0 1220286.4451799733 235712.8739188317 1456000.1757022252 29835901.34211223 256.70952471638896 73.86196236824809 164.06162302578204 0.0 4315973.943818545 2436991.528716897 1.7710254192352295 981751.1108860379 498367911.56086904
142.86111111111111 5067653.561099323 31413075.50876612 127.97883774368097 127.59277790131692 15992859340.728462 0.0 0.0 1161365.6861744495 232372.62445324697 1393739.7338085822 31395789.065601252 233.8592269153759 66.89110387044418 149.92013903229306 0.0 4385809.702767494 2552268.6931116343 1.718396544456482 932448.0308709822 531215476.0374459
146.72222222222223 5116322.047537382 32955587.6519212 130.29519679786523 129.9091369555012 15991916130.244122 0.0 0.0 1109309.3845062156 229231.4126856799 1338542.4790386783 32939068.997817386 216.61274995029638 61.1727441974764 137.99079678467407 0.0 4457680.713732043 2664869.841822627 1.6727573871612549 888849.4602019828 555290604.234204
150.58333333333334 5123464.175742405 34589358.44275875 132.61155585204952 132.22549600968546 15990966765.413635 0.0 0.0 1059962.1316521354 228179.90195452998 1288143.496936799 34573067.11347488 203.01138585814635 56.95217264914628 128.66650902303167 0.0 4487171.641021466 2744447.9030715167 1.6349997520446777 848249.9280486954 590642093.8356482
154.44444444444446 5101556.083123313 36229896.08027565 134.92791490623378 134.54185506386975 15990013396.463835 0.0 0.0 1012678.8099421065 229217.72882085913 1241897.8876413729 36213312.381452784 192.37954912072365 53.82503152871169 122.98628904227162 0.0 4486968.1686751 2799382.9567217394 1.602841854095459 809921.3849203697 622000231.2936318
158.30555555555554 5145056.651549805 37847233.779943794 137.24427396041807 136.858214118054 15989052552.984325 0.0 0.0 970468.4513847752 227042.7297586992 1197512.8631526162 37831050.031269945 183.57724059089384 51.339322000676816 118.94687986667698 0.0 4551407.396430104 2895282.3468754534 1.5720081329345703 773272.2984598399 654477928.3073599
162.16666666666666 5185491.680518914 39386879.33296849 139.1745731722383 138.78851332987423 15988084940.02404 0.0 0.0 929730.9730661897 224532.38683034544 1154265.351548946 39371204.85549776 176.45829804169327 48.80223150377084 113.89495641187547 0.0 4612824.177217522 2986146.779440332 1.5447412729263306 737406.4046303746 682250610.8377252
166.02777777777777 5174284.435741035 41083522.237387404 141.49093222642256 141.1048723840585 15987113648.618908 0.0 0.0 889176.0723617037 225575.47761465146 1114753.500637007 41067440.68091209 169.90079702527947 46.94997024967205 111.43194492594947 0.0 4622150.342281229 3040651.6208388163 1.5201183557510376 703596.3782827822 716834291.2894267
169.88888888888889 5205186.110615768 42730239.52151497 143.42123143824278 143.03517159587872 15986141543.25845 0.0 0.0 854005.8216566426 224627.6544242803 1078635.2355202092 42714215.1330646 164.38590981640237 45.38961937454328 107.81913193523664 0.0 4671833.306869816 3122062.8825276084 1.496393084526062 672964.3322279244 746393235.7711782
173.75 5300719.658405909 44316303.968497425 145.351530650063 144.96547080769895 15985164148.894209 0.0 0.0 824207.2080556528 220724.10817381006 1044933.0384782482 44301053.81818335 159.0618107852645 43.774054701898024 104.44781970295483 0.0 4784587.033222172 3247795.671214768 1.473179817199707 645060.8684688465 776778749.6826353
177.61111111111111 5312876.497675796 45933019.57781412 147.28182986188324 146.89577001951918 15984184276.789867 0.0 0.0 793140.5588003471 221104.20373943876 1014246.8209882063 45917486.57234347 154.1754245076761 42.35008567180504 101.74136922657202 0.0 4813780.536516719 3319152.9693511743 1.4503039121627808 618549.5071763921 808004825.2173978
181.47222222222223 5314570.293367165 47641761.86417236 149.21212907370347 148.8260692313394 15983202141.599161 0.0 0.0 765149.0686389979 221177.70567796344 986328.5564695437 47626152.30552622 148.9128033653487 40.58117946492775 98.79360166749157 0.0 4831012.616794453 3386191.3753135595 1.426680326461792 594667.4204186134 840082857.8397301
185.33333333333334 5347921.157988303 49314810.62924224 151.1424282855237 150.3703086007956 15982216230.52682 0.0 0.0 739681.4943641756 220576.00607133657 960259.6737524328 49299254.37865572 142.8192309603126 38.25303850561715 93.93169858048667 0.0 4878894.008087826 3463801.564786485 1.4085373878479004 572650.74974632 873022515.756117
189.19444444444446 5451231.708366161 50820889.65582187 152.68666765497986 152.30060781261582 15981226305.932318 0.0 0.0 719216.3773347578 216722.80455566116 935942.057074172 50806164.53986521 136.8369708936674 36.15349757116521 89.55507062508018 0.0 4995144.462457341 3587160.351351587 1.3925065994262695 552930.3496260822 899803648.7220979
193.05555555555554 5414835.056331914 52595459.3768639 154.61696686680008 154.23090702443605 15980233091.807388 0.0 0.0 693709.8056884137 219020.0858048958 912732.63369563 52579965.90671072 131.37007390838153 34.41505317051191 84.94778393314655 0.0 4972808.278796208 3615745.213841637 1.3753204345703125 532570.8416945658 934321901.4534916
196.91666666666666 5462621.404400015 54250300.95984723 156.16120623625628 155.77514639389221 15979238245.1261 0.0 0.0 673580.1921044639 217208.5638486503 890790.8484992848 54235154.76290852 126.22001447264489 32.71024437271781 81.82484245586902 0.0 5032913.127667565 3705079.7337779123 1.3583818674087524 514496.31149804 962381321.0512192
200.77777777777777 5510458.364109338 55924271.34232361 157.70544560571244 157.3193857633484 15978240336.074757 0.0 0.0 653712.5690017635 216107.65049403568 869823.3154235579 55909297.93599983 121.5928491431787 31.220901168142507 77.34567905637164 0.0 5092799.423862626 3799414.1520732823 1.3404170274734497 497106.35539992887 991017046.7266059
204.63888888888889 5524343.799744116 57627491.54899165 159.63574481753267 159.24968497516863 15977239419.214863 0.0 0.0 633185.3028556248 216016.73138454524 849204.7319774692 57612356.52586956 117.40785378871138 29.930349192967654 75.69033914481415 0.0 5119049.598612459 3858239.5188404527 1.3267837762832642 479651.33046052506 1027882541.8685374
208.5 5535191.089544525 59308048.944429085 161.17998418698886 160.79392434462483 15976231809.814491 0.0 0.0 611761.0931346102 216079.5485718802 827844.2060392486 59292703.00225697 113.5724056888129 28.635804868686524 72.43398878860141 0.0 5142996.416979648 3909882.0559970383 1.315384030342102 461521.8955523063 1057833886.2961117
212.36111111111111 5560990.514040546 60947164.9255916 162.72422355644503 162.338163714081 15975222074.91938 0.0 0.0 590934.9939362209 215422.26863537973 806361.1977943756 60931806.4078758 109.75159241369396 27.224096695847592 69.7165800242441 0.0 5182008.627877952 3950912.0789187397 1.3115980625152588 443493.0118569607 1080433867.7283146
216.22222222222223 5575861.638303057 62689055.17218844 164.26846292590122 163.49634324117312 15974215680.475054 0.0 0.0 571559.5872796077 214856.59661352914 786419.1997445399 62673743.59060635 107.47903773433198 26.629605568933044 68.973466079197 0.0 5209456.1749068815 3992408.9330087216 1.304840326309204 426431.8211997596 1119536056.6664429
220.08333333333334 5635776.333380846 64375850.90349004 165.42664245299335 165.04058261062931 15973207107.994522 0.0 0.0 554338.4947936877 212374.1909677612 766715.1473032476 64361122.98855923 105.2246174535649 25.950895133527865 67.89708300493808 0.0 5281415.20465586 4071526.187418551 1.2971585988998413 410095.22320601053 1143048085.965164
223.94444444444446 5581839.264608537 66096292.63255019 166.97088182244954 166.19876213772145 15972195486.371273 0.0 0.0 530976.8714140204 216291.768067271 747272.2551410418 66079869.97420652 102.39826872351234 24.794183002036732 65.59781491709359 0.0 5241649.814959258 4070708.2148754466 1.2876505851745605 391858.5834200539 1175268294.876766
227.80555555555554 5665733.680356338 67685911.14352518 168.12906134954167 167.74300150717764 15971186135.375212 0.0 0.0 516768.24376270594 212045.09598636394 728816.8563278364 67670771.52457155 99.399226309287 23.762629125308365 63.425196558657035 0.0 5336222.646553657 4169617.9742635693 1.2797869443893433 377532.38486975676 1199589088.0873423
231.66666666666666 5658646.525551664 69418056.46933252 169.67330071899787 168.90118103426977 15970178295.972473 0.0 0.0 498085.01155928214 213182.5494685815 711271.4180630236 69402201.4371421 96.63686442137501 22.828192499869584 59.79870175851041 0.0 5341334.398670036 4196761.240933394 1.2727277278900146 361935.325246615 1232901336.921385
235.52777777777777 5626452.310169295 71150645.04507637 170.83148024609 170.0593605613619 15969172067.469448 0.0 0.0 478667.61482967634 215704.1326133401 694375.6325737226 71133482.80950885 93.8487531820609 21.965148663100084 57.60370422384827 0.0 5321569.81557601 4201403.473878681 1.2666171789169312 346341.5895224037 1258048055.8712428
239.38888888888889 5697506.189408499 72808354.48330402 171.98965977318213 171.21754008845403 15968166154.433792 0.0 0.0 465210.84410361014 212729.67881254115 677944.3767273228 72792004.52402163 90.92928053678683 21.03521135567317 56.90345641475906 0.0 5402624.568370598 4282800.810777622 1.2614699602127075 333438.24405419704 1283551716.1991506
243.25 5686971.519691154 74496546.77429478 173.14783930027426 172.37571961554616 15967164286.734211 0.0 0.0 449432.4623427829 212978.0881783787 662414.767913381 74479837.90154289 88.11660691472467 20.124335457074782 54.31300440760495 0.0 5402676.359748858 4304716.562559022 1.2550597190856934 320195.2156108897 1309418462.5996368
247.11111111111111 5663333.417980318 76156733.46705239 174.3060188273664 173.5338991426383 15966166100.971756 0.0 0.0 433485.4153312866 214305.33071790927 647796.2817008107 76139184.78735603 85.50420521840168 19.26921288973122 51.169501576613314 0.0 5389534.557166431 4322597.218944443 1.2468278408050537 307279.09772158635 1335650346.8964093
250.97222222222223 5670948.241112588 77943525.50193885 175.46419835445852 174.69207866973045 15965171756.313263 0.0 0.0 419562.20129450946 214323.86354166188 633890.4446887353 77925627.40408131 83.06363496611044 18.49154819334014 50.46041073763879 0.0 5406733.618389756 4367302.042074346 1.238003134727478 295472.5920809524 1353005999.616288
254.83333333333334 5704587.538148702 79588295.35637768 176.62237788155068 175.85025819682258 15964181580.219439 0.0 0.0 406622.3799492613 213749.51993071992 620376.822786166 79570202.07815057 80.3830255857175 17.505432562955146 45.99640243538045 0.0 5449506.195477374 4436944.798461404 1.2282114028930664 284279.30413053284 1389219994.2255418
258.69444444444446 5713977.223445933 81210067.8189846 177.39449756627874 176.62237788155068 15963193600.9528 0.0 0.0 394743.3257839503 212718.83996614005 607468.6615085707 81192174.52040857 77.76711028811991 16.555351986385723 43.04520581649207 0.0 5467205.27565657 4466605.372794298 1.2240179777145386 274099.407967733 1397610275.7508016
262.55555555555554 5729448.927641428 82911708.6499842 178.5526770933709 177.7805574086428 15962212722.97077 0.0 0.0 382297.9979265435 213241.03251512977 595543.9534033485 82893178.73046976 75.41118413708855 15.73901545210822 42.428579162742636 0.0 5491192.930580928 4501382.360541874 1.2198903560638428 263872.2262675431 1434672043.9125218
266.4166666666667 5801773.0615814775 84569160.85039315 179.32479677809897 178.5526770933709 15961238232.400793 0.0 0.0 372469.7261210402 211951.11806473482 584426.3685542899 84550692.45461851 73.1181665686668 14.941994891679213 38.82317052850039 0.0 5570758.276374682 4590037.684456199 1.21366286277771 255085.98847020158 1452954381.25449
270.27777777777777 5668700.652461127 86392738.84950528 180.48297630519113 179.32479677809897 15960269137.732405 0.0 0.0 357259.38239932427 216722.77510364726 573987.2330106852 86371864.10274005 70.8207253406589 14.151223446086425 39.52774131462146 0.0 5446890.588697521 4512018.430444598 1.2071959972381592 244433.87687950296 1481184716.3181915
274.1388888888889 5834681.14929082 87963236.10035104 181.2550959899192 180.48297630519113 15959303331.533783 0.0 0.0 353220.11209367996 210919.7478070031 564144.2807096121 87944479.1224302 68.80622098788075 13.558110673135252 37.40916295629364 0.0 5617177.92489101 4674841.999708729 1.2015759944915771 238864.21664161095 1499893621.2218945
278.0 5804755.70647549 89626992.49689397 182.41327551701133 181.2550959899192 15958342345.634926 0.0 0.0 342805.01604450634 211820.78613874206 554631.5390517111 89607489.14072916 66.90905539029852 12.994457852097879 33.85682681379151 0.0 5594196.867031733 4677658.590495921 1.195939540863037 230694.40554893672 1518773758.4501693
281.8611111111111 5738955.548334021 91406594.18705043 183.18539520173942 182.0272156746473 15957380890.474497 0.0 0.0 331200.9408254975 214268.63737716118 545474.9865143243 91385616.44374192 65.17187866111261 12.509904758607647 31.89682317601007 0.0 5535872.448261406 4650884.57307462 1.1902837753295898 222056.59573957816 1547895907.3353918
285.72222222222223 5695666.256996152 93134339.35605794 183.95751488646752 182.7993353593754 15956424852.804518 0.0 0.0 320998.6603033429 215675.2331471243 536678.2508652601 93112327.71922742 63.58919715713616 12.10694286059855 34.2742278001744 0.0 5499440.668106773 4643775.266277553 1.1842607259750366 214113.48257089357 1567206461.541485
289.5833333333333 5737903.294847353 94679604.11869475 184.72963457119562 183.95751488646752 15955468876.604465 0.0 0.0 314458.60330681596 213545.2348021684 528010.0721049727 94658269.5554902 61.88757166932939 11.651260956476715 31.89726168404339 0.0 5546740.4634934375 4708224.287244732 1.178096055984497 208056.42387899946 1586687477.4288824
293.44444444444446 5848978.798654933 96249507.39659166 185.88781409828775 184.72963457119562 15954515998.237448 0.0 0.0 309779.3228030336 209708.85942972256 519493.55887308775 96229581.04956156 59.98479964849706 11.12742990553646 29.732237844057064 0.0 5662010.858670325 4831573.75252291 1.171877145767212 202933.86125944296 1616712335.7655268
297.30555555555554 5872448.7958707055 97834355.39437303 186.65993378301584 185.50175425592371 15953567456.771248 0.0 0.0 301367.74019863136 209789.12171757943 511163.44871348975 97813950.04324473 57.904127819414285 10.534918330401668 27.74728598174251 0.0 5691365.807204621 4868536.0589555055 1.1690096855163574 196157.82428570677 1636630851.5818639
301.1666666666667 5904519.675791763 99508785.4412542 187.43205346774394 186.27387394065178 15952621248.82328 0.0 0.0 293835.3619733466 209269.1134825034 503110.609809089 99488189.7747106 55.753252441905865 9.926613524849548 26.075133667100218 0.0 5728775.2646233225 4914709.783666365 1.1656385660171509 189999.13160382456 1656724870.689679
305.02777777777777 5844111.284673792 101229612.75901109 188.204173152472 187.04599362537988 15951680627.865437 0.0 0.0 285112.7401046649 210324.49125367752 495443.8056879426 101208221.87758127 53.71207377103204 9.373692376959204 25.13532216453304 0.0 5674011.27902547 4881126.593419597 1.1624388694763184 183592.15527347036 1676998361.9380963
308.8888888888889 5755946.782444193 102992417.8627665 188.9762928372001 187.43205346774394 15950747666.779774 0.0 0.0 276206.87012176664 212006.92849783626 488220.38375000336 102969930.44682774 51.88463124130948 8.907377556808003 23.6582709501626 0.0 5591491.108267382 4823015.802413319 1.1593350172042847 177241.73207838397 1697454113.9229612
312.75 5808742.187730098 104542464.09228486 189.36235267956417 188.204173152472 15949821052.174778 0.0 0.0 271308.67671159864 210059.21183298127 481374.90944695234 104520526.25736396 50.25652034784378 8.507237443366254 21.84673404165142 0.0 5648042.8347327905 4886908.923117294 1.1557495594024658 172845.3294843287 1707286519.8884375
316.6111111111111 5732133.1354149645 106223881.55271995 190.13447236429224 188.9762928372001 15948899279.636293 0.0 0.0 263690.7800118926 211113.63076684406 474811.5708891145 106201197.84072238 48.76914716236487 8.136916285732797 21.635794057475067 0.0 5576296.916417131 4839179.668781219 1.152322769165039 167366.25313940484 1728017521.8918204
320.47222222222223 5770247.910943103 107872048.60258552 190.90659204902033 189.7484125219282 15947983650.580103 0.0 0.0 258627.9848194721 209914.27648366636 468549.2091498562 107849492.04743655 47.42012914313809 7.800422736108179 20.31086048059823 0.0 5618196.479677515 4890881.073861024 1.148708462715149 163014.28077533538 1748930455.045714
324.3333333333333 5760596.425758693 109598541.23715772 191.67871173374843 190.13447236429224 15947071613.806572 0.0 0.0 252802.02261705085 209749.77442808315 462557.685415401 109575667.23364009 46.181291039684105 7.494137747072888 19.228990165395057 0.0 5612597.662483378 4904584.400199901 1.144357442855835 158425.64843745512 1770023869.4255345
328.19444444444446 5762366.905340843 111159095.34726682 192.06477157611246 190.90659204902033 15946163165.469193 0.0 0.0 247531.86244579777 209257.77548016456 456797.10647993116 111136121.1869717 45.00852114399468 7.212279790385697 19.21691040937716 0.0 5618062.159465495 4927221.036894001 1.1402090787887573 154231.72257552287 1780183763.2367961
332.05555555555554 5804738.213443393 112676456.34734955 192.83689126084056 191.67871173374843 15945257369.153759 0.0 0.0 243075.90378866764 208064.28388851217 451148.27612878114 112653627.9533219 43.89177654974043 6.9563057550928775 18.334372077474725 0.0 5663791.530267364 4982524.102969678 1.1367313861846924 150400.4390315942 1801551429.1183016
335.9166666666667 5770036.993137435 114332012.52117643 193.60901094556866 192.06477157611246 15944354079.072926 0.0 0.0 237257.89153191826 208266.25314774318 445531.7994545337 114308761.37235877 42.76931361120654 6.694250462059794 17.29216476871496 0.0 5632985.297725329 4968577.44467433 1.133721947669983 146044.97474392742 1823099494.3433595
339.77777777777777 5792829.722280659 115939526.49798262 193.9950707879327 192.83689126084056 15943450935.82434 0.0 0.0 232904.57989219073 207054.50010024296 439966.28660219023 115916502.71724862 41.69067140411115 6.449936458077966 16.499354803338548 0.0 5658994.515277354 5003806.43847833 1.130937933921814 142395.34682265524 1833488761.3357148
343.6388888888889 5770088.398156933 117614791.56654324 194.7671904726608 193.60901094556866 15942551801.26484 0.0 0.0 227706.94353880832 206785.59901400356 434499.0489632554 117591622.025331 40.62081092670679 6.220326054915809 16.82545272642985 0.0 5639792.633157633 4998544.030480988 1.1282870769500732 138442.53673834857 1855311226.3485522
347.5 5767421.874218571 119173049.3464098 195.53931015738888 193.9950707879327 15941653353.801043 0.0 0.0 222572.51743058272 206506.54870566283 429086.71553679055 119149599.95335488 39.54677705366015 5.996381872077229 15.538937325348599 0.0 5640787.5690978095 5009861.334504718 1.1259368658065796 134383.3824323583 1877314490.4636323
351.3611111111111 5668591.033187252 120868592.27540971 195.92536999975292 194.7671904726608 15940756501.646183 0.0 0.0 216757.91792935252 206868.28865908112 423634.11646732374 120844897.98169528 38.40521224562688 5.73441920671528 15.276187114873268 0.0 5545555.989027441 4934841.283938647 1.123755693435669 130413.88107604774 1887936439.6148696
355.22222222222223 5721815.765694596 122497336.95670387 196.697489684481 195.15325031502482 15939862774.999903 0.0 0.0 212912.20491129154 205451.07120638853 418369.8014110911 122473861.57208869 37.286737065472586 5.502327722134943 14.288498679764968 0.0 5601809.319290153 4996922.338400674 1.1210519075393677 127041.88420364061 1910216825.2984972
359.0833333333333 5704502.428264309 124086162.48428005 197.08354952684505 195.92536999975292 15938975705.722847 0.0 0.0 208416.01170921963 204950.86036399257 413374.533110893 124062676.3770058 36.24437538891807 5.324387403234722 14.39732198140453 0.0 5587614.514198664 4995601.253914435 1.118506908416748 123599.42017459906 1909302090.028638
362.94444444444446 5801161.479777597 125530442.60182106 197.85566921157314 196.31142984211698 15938091561.3605 0.0 0.0 205448.34207940387 203048.8797574223 408505.13658982614 125507374.06237014 35.221208336244864 5.129388943435699 13.512028030182133 0.0 5686846.301132456 5093103.7531656725 1.1165777444839478 120720.26611207382 1943549087.7413712
366.80555555555554 5729534.087357115 127157371.61064163 198.2417290539372 196.697489684481 15937214598.172846 0.0 0.0 200495.5968667076 203298.20693977637 403802.25926496316 127133943.98414391 34.252643164473014 4.946884007244865 12.845514893917638 0.0 5618429.876309761 5040078.343684165 1.1147505044937134 117218.50891225922 1954464816.3730676
370.6666666666667 5741799.002573568 128711356.00106291 199.01384873866527 197.4696093692091 15936343018.670364 0.0 0.0 197431.40872854786 201836.6762189634 399276.0853150613 128688410.85701878 33.32400320184444 4.769219514228296 12.667474611577116 0.0 5632925.737698156 5058984.315448351 1.1134499311447144 114721.54192908957 1977316998.564909
374.52777777777777 5726618.0988201825 130252343.18678662 199.39990858102934 197.85566921157314 15935476985.313683 0.0 0.0 193457.7119135524 201434.84842481278 394900.9023763292 130229257.75702837 32.43578090726619 4.598890650605427 11.976092573502344 0.0 5620493.715933193 5052126.151258539 1.1125006675720215 111713.91477387473 1988381973.2696078
378.3888888888889 5695511.010437934 131838438.05458747 199.78596842339337 198.2417290539372 15934615449.662893 0.0 0.0 189475.4140068898 201135.91804049688 390620.24697955174 131815221.50661205 31.570581467381423 4.431636312459977 11.437851232575193 0.0 5592038.747109943 5031282.17339448 1.1114540100097656 108815.21497764328 1999497071.1263
382.25 5717720.692392866 133428944.99687967 200.55808810812147 198.62778889630124 15933760936.33803 0.0 0.0 186341.2915099885 200117.16499261637 386466.7774974137 133405869.5350478 30.72166495878506 4.2520980298128 11.05137257004083 0.0 5616510.753753342 5059639.146743045 1.110061526298523 106324.09542662521 2022736771.1880379
386.1111111111111 5714275.865872193 135058905.44190758 200.9441479504855 199.01384873866527 15932911983.023447 0.0 0.0 182870.6483642064 199596.86911883458 382474.80798248627 135035776.30604604 29.912701450723446 4.085136933001884 10.593597349178866 0.0 5615402.284160362 5064130.060753541 1.1088582277297974 103773.695008892 2034004339.3342676
389.97222222222223 5662043.462243561 136611863.5516196 201.33020779284956 199.39990858102934 15932067295.175262 0.0 0.0 179154.39295043037 199421.9848030302 378584.9041974185 136588578.20582914 29.130155661136005 3.925821820775371 10.415191165907968 0.0 5565521.174695362 5024054.982822937 1.1077747344970703 101219.90246681898 2045322576.583358
393.8333333333333 5672606.752297855 138082325.02705482 201.7162676352136 199.78596842339337 15931228225.462275 0.0 0.0 176241.13074714347 198527.36118841273 374777.81930449215 138059162.9851455 28.36509129103418 3.7619423335033964 10.102337689958674 0.0 5578076.499888994 5042231.019133762 1.106271505355835 99039.09819393887 2056692416.0886397
397.69444444444446 5727137.708349436 139473718.95781028 202.4883873199417 200.55808810812147 15930393811.463541 0.0 0.0 174001.81230192454 197084.456891337 371097.093670666 139450874.61225605 27.652309535303157 3.6108920189101514 9.593063086476247 0.0 5634329.584759524 5098010.14305852 1.1052017211914062 97138.78716652025 2080419167.4574373
401.55555555555554 5682539.381564293 141246491.40173477 202.87444716230573 200.9441479504855 15929565962.276289 0.0 0.0 170843.26513173312 196693.9553342177 367545.3964042864 141223598.83790895 26.986313487237112 3.4634705205683747 9.284396777532217 0.0 5591747.993345938 5064022.490733697 1.1042107343673706 94950.31306223491 2091941744.024309
405.4166666666667 5623891.092161179 142803251.92397636 203.2605070046698 201.33020779284956 15928740433.24471 0.0 0.0 167579.32782424468 196493.26131946634 364081.1334652117 142780267.84727308 26.351759812322918 3.3213071378806514 8.880541249610166 0.0 5535115.200067552 5018063.056419086 1.1030381917953491 92768.66007652122 2103513689.9209576
409.27777777777777 5686876.820279341 144132275.75354555 203.64656684703382 201.7162676352136 15927918250.886726 0.0 0.0 165064.7448476382 195593.9319679867 360669.36613523896 144109287.6426618 25.750930031424133 3.1939340436930745 8.618995973019205 0.0 5600018.2110459 5080034.873642484 1.1023582220077515 90687.74827835843 2115136121.0181613
413.1388888888889 5653447.696548445 145798514.11022663 204.03262668939786 202.10232747757766 15927099535.887938 0.0 0.0 162072.5939743896 195199.41961555954 357280.7386194755 145775473.83785638 25.1693312345189 3.069845991694462 8.393723223240407 0.0 5568536.200632989 5054132.894296767 1.1017787456512451 88585.21464208742 2126809247.5522532
417.0 5608794.6602486 147373347.97663713 204.41868653176192 202.4883873199417 15926282830.33663 0.0 0.0 159176.43851547534 194790.7167309534 353976.5656565405 147350283.67005154 24.624816547387006 2.961726099389575 8.125793268839391 0.0 5525764.251984212 5020911.338243902 1.1005500555038452 86556.95505444925 2138531685.945501
420.8611111111111 5608696.228735289 148907134.8406591 204.80474637412595 202.87444716230573 15925471350.124958 0.0 0.0 156881.9392439188 193878.1453920795 350768.63961724757 148884240.40143633 24.11138542880981 2.866932052373978 7.876101483024185 0.0 5527298.9169196645 5031605.893906853 1.0985158681869507 84785.99051558872 2150306741.1838713
424.72222222222223 5599828.820855229 150358508.1499054 205.19080621649002 203.2605070046698 15924663024.048445 0.0 0.0 154228.39946684585 193392.8958024918 347631.5336807444 150335557.26008818 23.616615722283004 2.7784357572719593 7.694616896913302 0.0 5520240.224064081 5036565.085349643 1.096032738685608 82845.39325638267 2162132438.544527
428.5833333333333 5538456.103392838 151976968.89489436 205.57686605885405 203.64656684703382 15923858039.422134 0.0 0.0 151287.35839056477 193243.55148565432 344540.2290487584 151953882.54796332 23.121606407103794 2.686599370175572 7.421450010459282 0.0 5460707.780938292 4993756.8933919445 1.093506932258606 80878.19019581573 2174009058.6718974
432.44444444444446 5551063.939225761 153459208.58646804 205.96292590121809 204.03262668939786 15923057769.99792 0.0 0.0 148972.680210191 192513.2867334413 341495.29768726195 153436163.7659723 22.626948099086107 2.593561414030446 7.236441136055385 0.0 5474942.345627418 5018526.448072989 1.0909461975097656 79128.01510553274 2185938072.350787
436.30555555555554 5599737.105108648 154839046.40501457 206.34898574358215 204.41868653176192 15922259938.667534 0.0 0.0 146899.84514410724 191578.00029066956 338487.685274268 154816097.35131538 22.12637363712883 2.496586587824223 6.977231047810522 0.0 5525135.7368640145 5080103.561783571 1.087602972984314 77492.69149527667 2197917295.1130886
440.1666666666667 5619792.804120168 156287147.09220293 206.73504558594618 204.80474637412595 15921466709.100853 0.0 0.0 144808.44182208765 190717.5801650406 335536.7430261983 156264306.51186484 21.633231847295907 2.403021998685936 6.678908907771085 0.0 5546632.906905694 5110546.288419262 1.0853307247161865 75944.7639628666 2209948995.887463
444.02777777777777 5629516.346118167 157935123.40794876 207.12110542831024 205.19080621649002 15920676588.144995 0.0 0.0 142797.10262652286 189843.4333876092 332648.63015211234 157912427.05338883 21.149325539614146 2.312688946100122 6.435633733916688 0.0 5557698.863886711 5122648.49602572 1.0849268436431885 74502.40118212737 2222031758.602872
447.8888888888889 5553172.406358734 159429572.78467923 207.50716527067428 205.19080621649002 15919893909.718546 0.0 0.0 140036.27983995125 189817.64607699745 329862.76196272287 159406732.4453225 20.686343840493187 2.2315083871310635 6.293402468057789 0.0 5482939.639393019 5054702.734940387 1.084720492362976 72818.40411005824 2234170017.049254
451.75 5519898.017279068 160928573.24444798 207.8932251130383 205.57686605885405 15919112662.399885 0.0 0.0 137925.56019455398 189216.581695901 327150.9170595481 160905815.82694793 20.23363201379545 2.1537659661481183 6.043212675607026 0.0 5450975.498705565 5026922.294192238 1.084356427192688 71416.22546251415 2246357840.7536316
455.6111111111111 5572396.385043476 162365907.02548766 208.27928495540237 205.96292590121809 15918337182.685139 0.0 0.0 136369.44258626524 188134.04596172788 324512.75502589025 162343342.5975365 19.802259859673484 2.0825868620557983 5.89846869129642 0.0 5504607.009582593 5077972.60641719 1.0840166807174683 70199.49426861407 2258599667.420268
459.47222222222223 5495102.280720467 163947346.2012427 208.6653447977664 206.34898574358215 15917564421.387295 0.0 0.0 133969.92028096248 187962.31143236152 321941.5770190616 163924744.6305515 19.388092165912358 2.0160528895912786 5.777225494779325 0.0 5428629.151875111 5009278.213692764 1.0837148427963257 68802.15554701908 2270892521.442666
463.3333333333333 5486338.37588552 165384408.1487876 209.05140464013047 206.34898574358215 15916797928.490154 0.0 0.0 132009.05840329334 187438.0161782115 319457.09895032534 165361849.17502415 18.989334066285572 1.9517297182990858 5.585515923783268 0.0 5421068.39339263 5004314.054980457 1.083279013633728 67518.92392371282 2283240024.7818456
467.19444444444446 5529201.922260612 166760704.68940234 209.4374644824945 206.73504558594618 15916034220.449766 0.0 0.0 130539.99752440436 186492.17736841046 317043.45551083697 166738286.26599205 18.60780336594233 1.890152774541123 5.4039852347726285 0.0 5464974.930232179 5047003.470157995 1.0828157663345337 66403.25769387448 2295638755.2330832
471.05555555555554 5555894.701973022 168159081.9709335 209.82352432485854 207.12110542831024 15915275892.461454 0.0 0.0 128923.35601650891 185759.4471530788 314695.4086822232 168136734.0933263 18.242401333461352 1.8303648893077846 5.240005192996466 0.0 5492726.179687988 5076163.592053242 1.0820624828338623 65275.23625300739 2308091423.958135
474.9166666666667 5539355.213989949 169829957.6915867 210.2095841672226 207.50716527067428 15914523819.930967 0.0 0.0 127236.69970504884 185171.97200733953 312417.66060017265 169807664.20234543 17.885646986416727 1.7688629882660396 5.115973962112626 0.0 5477235.591938043 5064871.540491044 1.0814164876937866 64156.131650707626 2320599007.311937
478.77777777777777 5485880.318067425 171234901.87962413 210.59564400958664 207.50716527067428 15913774114.769072 0.0 0.0 125300.22790687677 184877.143300636 310188.0024233114 171212576.93997338 17.5443741110701 1.7108087237581306 4.977810809013988 0.0 5424851.751753846 5021108.582210001 1.0804091691970825 63000.38793507723 2333157706.862556
482.6388888888889 5477058.125430542 172633950.83669493 210.59564400958664 207.8932251130383 15913025848.95612 0.0 0.0 123680.63127331942 184318.45642121817 308011.2153726236 172611658.82395023 17.216620106899594 1.6552196750981554 4.84350990552695 0.0 5417026.445482873 5017619.837134041 1.0796008110046387 61940.06613269661 2332408231.309497
486.5 5444898.468367768 174105666.6210923 210.9817038519507 208.27928495540237 15912284405.510962 0.0 0.0 122041.73832026837 183834.78521528945 305888.2707649114 174083393.33445415 16.900820530612194 1.6003775494618948 4.671000148723825 0.0 5385864.537654701 4992645.981600828 1.0787595510482788 60879.97043087829 2345025022.0531173
490.3611111111111 5474218.919247599 175541783.81398943 211.36776369431473 208.27928495540237 15911545501.531023 0.0 0.0 120662.19179829059 183137.79759919713 303811.4909708776 175519583.27625284 16.596409350277 1.5463342880771018 4.589462420514806 0.0 5416090.992331162 5026392.269991176 1.0775305032730103 59916.37437659215 2357692506.632451
494.22222222222223 5482524.596128402 176989753.52776206 211.75382353667877 208.6653447977664 15910810677.513493 0.0 0.0 119187.5833610458 182588.79685842834 301787.3862264716 176967557.06816465 16.308616108978523 1.4965914925054382 4.4575818832714615 0.0 5425340.98942887 5041287.955041635 1.0761815309524536 58916.804810202564 2370412870.110011
498.0833333333333 5388903.500629629 178527770.65197712 211.75382353667877 209.05140464013047 15910077686.696999 0.0 0.0 117313.94439252435 182507.0211460842 299832.96778030146 178505526.102897 16.03587565619312 1.4515989955316886 4.397188199556462 0.0 5332698.982310424 4962064.151391816 1.0746936798095703 57883.23330183622 2369676975.8518424
501.94444444444446 5417028.843101667 179945604.58090186 212.13988337904283 209.05140464013047 15909349973.807383 0.0 0.0 116134.94952949966 181803.90511653124 297951.0550286471 179923404.28814572 15.779413148002766 1.4107396395451364 4.262180657790211 0.0 5361666.417325103 4996503.185872846 1.073083758354187 56991.39346734104 2382456005.197884
505.80555555555554 5439601.04913134 181286309.08559424 212.52594322140686 209.4374644824945 15908626979.501305 0.0 0.0 114936.94456110553 181181.84245164163 296132.07356433984 181264146.66158068 15.534579308776276 1.372471341586363 4.146385391769287 0.0 5385055.412099025 5025068.422242705 1.0716382265090942 56126.68298308845 2395286955.5153337
509.6666666666667 5475142.184154374 182649514.13637966 212.91200306377092 209.82352432485854 15907903690.27639 0.0 0.0 113772.62456935308 180565.15656538028 294351.94640510896 182627379.5218693 15.295496684834017 1.3352473198263495 4.112541928498227 0.0 5421405.145265685 5065781.984980545 1.07020103931427 55271.38527407314 2408166441.553174
513.5277777777778 5437576.449490385 184107003.848592 212.91200306377092 209.82352432485854 15907187383.23579 0.0 0.0 112382.57204184622 180226.7825262114 292621.42959902843 184084849.2874897 15.066943322343471 1.3007396715102604 4.038878961961533 0.0 5384662.044033383 5039999.265796789 1.0683854818344116 54404.145982437454 2407448260.496023
517.3888888888889 5392635.542402309 185663066.86441413 213.29806290613496 210.2095841672226 15906470305.34962 0.0 0.0 111045.90847915245 179857.33716062922 290915.37900743086 185640917.4758207 14.836438015101837 1.2644635256113839 3.8950288354590747 0.0 5340505.494231012 5008904.576416068 1.0662022829055786 53575.8133472317 2420385093.982631
521.25 5433808.762369947 187132909.16830763 213.684122748499 210.59564400958664 15905758894.638853 0.0 0.0 110018.2802639165 179213.85655740026 289243.62764713593 187110803.01423594 14.615944438511068 1.2311565502464596 3.846225170359841 0.0 5382389.896156701 5054312.962725687 1.0649102926254272 52824.33679915884 2433375410.236403
525.1111111111111 5378168.3637612555 188507018.05567616 213.684122748499 210.59564400958664 15905049611.721054 0.0 0.0 108468.6108005986 179116.35669316363 287596.9461107042 188484813.38878852 14.398283471353384 1.198474292652678 3.7708497197001414 0.0 5327592.331218155 5009366.542950075 1.0635261535644531 51940.03469496204 2432662644.477894
528.9722222222222 5422149.85909263 189809589.010081 214.07018259086306 210.9817038519507 15904341041.251343 0.0 0.0 107660.9277349567 178294.98103725942 285969.1385317894 189787489.1569276 14.18232743929795 1.1657463885504717 3.655318692166596 0.0 5372194.778503353 5057129.735263361 1.0623011589050293 51280.59298023787 2445708411.800892
532.8333333333334 5382794.92234779 191361235.6459595 214.4562424332271 211.36776369431473 15903637400.64909 0.0 0.0 106391.33976792425 177962.91078744573 284366.41040020844 191339136.05388594 13.973588854801738 1.1358431430582843 3.596041630551111 0.0 5333540.314625298 5025710.309926807 1.0612510442733765 50543.76030970692 2458805895.434024
536.6944444444445 5348137.224216947 192813639.1191066 214.84230227559112 211.36776369431473 15902937642.64514 0.0 0.0 105150.62535874183 177624.73020687688 282786.8529309137 192791526.1327591 13.767450810119126 1.1054038960117856 3.533074906729598 0.0 5299588.359040964 4998937.865287359 1.0601428747177124 49801.1899613002 2471956681.098814
540.5555555555555 5377384.186873091 194177284.21242744 214.84230227559112 211.75382353667877 15902237674.35642 0.0 0.0 104191.24048138293 177018.36325101304 281221.09894172254 194155205.20764035 13.563035347950583 1.074643973250651 3.443028142092702 0.0 5329472.35489545 5032704.686773402 1.0589678287506104 49130.65894300873 2471256337.8300514
544.4166666666666 5357009.184312685 195566296.54805374 215.2283621179552 211.75382353667877 15901542023.92218 0.0 0.0 103051.66830323244 176615.3396107971 279678.85669924406 195544235.32010365 13.363696748505934 1.0448658960588535 3.370954787874565 0.0 5309734.021426549 5019695.857304408 1.0577800273895264 48461.07028080276 2484461428.161633
548.2777777777778 5342955.368608916 197011136.28092688 215.61442196031922 212.13988337904283 15900849569.856499 0.0 0.0 101975.89290188532 176173.4617261326 278161.03102065244 196989087.41096884 13.16661190525846 1.0148667316300093 3.26441104490255 0.0 5296309.838114571 5013940.490706788 1.05631685256958 47800.11901725632 2497719251.5159397
552.1388888888889 5374520.558957949 198276215.42783457 215.61442196031922 212.52594322140686 15900159216.220127 0.0 0.0 101111.88627918992 175543.3643553183 276669.20451127226 198254225.77409217 12.976385150000745 0.987375642287397 3.2236865798036964 0.0 5328437.676787847 5050734.829775822 1.0549826622009277 47207.941382519624 2497028641.3742146
556.0 5366750.8226337535 199663024.62937328 216.00048180268328 212.52594322140686 15899472935.793648 0.0 0.0 99960.26793135982 175235.9853689039 275209.56309316366 199641023.30389506 12.790792457695485 0.9606817824502336 3.150255837442431 0.0 5321293.3457119735 5047937.951592648 1.0541518926620483 46553.33148651806 2510342895.7831163
559.8611111111111 5371082.072264358 201108383.11067566 216.00048180268328 212.91200306377092 15898787060.31047 0.0 0.0 99039.3851821424 174721.07224610404 273772.85833327577 201086422.7418813 12.61136564044774 0.935691848452028 3.0818446474207133 0.0 5326180.055706959 5056756.110765659 1.053279995918274 45970.85420290169 2509654077.24683
563.7222222222222 5404823.726538054 202479930.19983155 216.38654164504732 212.91200306377092 15898105117.738516 0.0 0.0 98297.14733727225 174054.60338118428 272364.8423693212 202458053.60097793 12.436700123017022 0.9116003657844554 3.0235213481658687 0.0 5360428.880876718 5090335.405421312 1.0530600547790527 45436.683391212995 2523025338.492166
567.5833333333334 5351535.065020038 203853835.77913675 216.77260148741135 213.29806290613496 15897427460.433012 0.0 0.0 97201.6485571471 173774.41754063184 270989.157458827 203831956.6696896 12.268654372807374 0.8888490095000587 2.9586537778425295 0.0 5307717.125786165 5045476.042919384 1.0519754886627197 44834.59004402492 2536448337.5359387
571.4444444444445 5360996.597567886 205238616.98206863 216.77260148741135 213.29806290613496 15896750463.962597 0.0 0.0 96367.23845875342 173254.06154331996 269634.0393706954 205216796.5972756 12.10566995912764 0.8673490797402884 2.915478203298775 0.0 5317692.950410973 5053950.442980596 1.0521854162216187 44295.11790874493 2535769577.8620415
575.3055555555555 5301717.617479693 206638412.06731766 217.1586613297754 213.684122748499 15896076979.37468 0.0 0.0 95265.42901878976 173027.21519287137 268306.6195458352 206616594.14288497 11.947814312709331 0.8466610212385437 2.8674351105974303 0.0 5258975.121172873 5002858.427767998 1.0511940717697144 43710.13431445768 2549248656.6707654
579.1666666666666 5298882.83533983 208074142.73217836 217.54472117213945 213.684122748499 15895405227.946146 0.0 0.0 94437.81060037321 172545.5464098825 266996.5011980812 208052369.46338907 11.795951183044737 0.827768738034344 2.8152484769875614 0.0 5256657.521264147 4998236.782884024 1.0517023801803589 43169.27790009397 2562778099.4418964
583.0277777777778 5281305.257858854 209360520.6751055 217.54472117213945 214.07018259086306 15894735954.59944 0.0 0.0 93449.26153772866 172230.50623362898 265693.8069334168 209338754.17851588 11.64805333153479 0.8093878647800311 2.77828703347451 0.0 5239642.490377823 4985516.650874523 1.050972819328308 42583.05811243157 2562108040.1405754
586.8888888888889 5324965.898277372 210751957.24233207 217.9307810145035 214.07018259086306 15894069616.380749 0.0 0.0 92811.46464051251 171563.5266931752 264388.77338949376 210730272.7922599 11.505099483045736 0.7921026663612015 2.731019250499517 0.0 5283793.4593088785 5025224.615064893 1.0514541864395142 42069.667880982204 2575694112.619051
590.75 5294132.366571594 212228768.7681929 218.31684085686754 214.4562424332271 15893404380.875713 0.0 0.0 91769.83000991876 171299.50012358854 263082.0801612948 212207085.02627084 11.36423457922336 0.7746443854795791 2.7026844644605204 0.0 5253544.58109688 4999555.983929009 1.050802230834961 41461.15640265699 2589331039.4779243
594.6111111111111 5334902.353300318 213420348.88537443 218.31684085686754 214.4562424332271 15892742730.231104 0.0 0.0 91125.70136515195 170644.65411043403 261784.37601670998 213398749.06759256 11.227473205657839 0.7579223343071155 2.6345925058117294 0.0 5294807.11842417 5038277.213768255 1.0509161949157715 40946.313609135876 2588669217.810948
598.4722222222222 5293680.960728855 214881035.23776215 218.70290069923158 214.84230227559112 15892080418.721401 0.0 0.0 90123.16684359613 170354.23855246996 260492.270930369 214859455.85244992 11.091677767917487 0.7409888858623834 2.6075112890260392 0.0 5254148.876102421 5000583.765915221 1.0507071018218994 40360.06574612546 2602359866.912143
602.3333333333334 5270710.429862021 216207221.565921 218.70290069923158 214.84230227559112 15891424088.05786 0.0 0.0 89234.6057324857 169976.3237134802 259224.9383201963 216185681.7023306 10.960121663981793 0.7247712125518835 2.5373250009203234 0.0 5231704.611331748 4975786.906143725 1.0514326095581055 39812.104923971725 2601702056.9076586
606.1944444444445 5271941.417874346 217753624.42994666 219.08896054159564 215.2283621179552 15890767229.758286 0.0 0.0 88402.73130078375 169560.021562805 257975.10890397354 217732122.30410615 10.829425867567316 0.7084867040724645 2.521790591795033 0.0 5233459.017800748 4975457.425009106 1.0518548488616943 39267.155043072955 2615450183.8454247
610.0555555555555 5254555.067160631 218920337.9298254 219.47502038395967 215.2283621179552 15890112760.111132 0.0 0.0 87569.76771589174 169167.15994326276 256753.13074551476 218898877.250836 10.702215314629626 0.6931803659268407 2.476841350814823 0.0 5216577.093425181 4956687.181635265 1.0524321794509888 38741.76836548484 2629250026.281974
613.9166666666666 5247940.561905848 220356519.87258977 219.47502038395967 215.2283621179552 15889463645.24538 0.0 0.0 86740.06516078935 168812.9676315001 255565.31212352525 220335067.34382898 10.577361570370853 0.6782943162910685 2.4463835113482304 0.0 5210480.197970272 4951355.045175263 1.052334189414978 38204.53456878602 2628600730.9220853
617.7777777777778 5259214.594060421 221779539.2850663 219.86108022632374 215.61442196031922 15888812396.936563 0.0 0.0 86039.48281715819 168337.490819763 254390.73544046583 221758146.83488414 10.453506327953958 0.6636607739553838 2.401394839013863 0.0 5222213.250983639 4961644.644903758 1.0525165796279907 37725.98958638818 2642454870.5429225
621.6388888888889 5272740.246545901 222885380.02225772 219.86108022632374 215.61442196031922 15888167981.090538 0.0 0.0 85310.44209716778 167920.17340318643 253247.03576904692 222864010.07542947 10.332718829736931 0.649613978168329 2.3574943857950816 0.0 5236217.698056944 4977202.96426159 1.0520402193069458 37228.31473965323 2641809445.051101
625.5 5241634.012124295 224377211.14121866 220.24714006868777 216.00048180268328 15887521628.800905 0.0 0.0 84497.10740026868 167604.96303778712 252117.8010633694 224355876.46471244 10.213125224642074 0.6359409205540297 2.326521276965587 0.0 5205562.360546766 4952711.915846504 1.0510529279708862 36759.96689349235 2655720294.7038293
629.3611111111111 5265424.945713144 225632077.8980278 220.24714006868777 216.00048180268328 15886880731.595886 0.0 0.0 83887.850716136 167107.83509243274 251011.80834226293 225610783.90874428 10.09530711492768 0.6222542397023828 2.2817335528693765 0.0 5229789.02461054 4976029.329232811 1.0509964227676392 36306.74335579125 2655076666.097226
633.2222222222222 5246763.124180721 227045379.71976686 220.6331999110518 216.38654164504732 15886238602.996412 0.0 0.0 83127.76744748162 166779.1358674047 249921.54204952795 227024126.9585336 9.97956548933164 0.6094129310786296 2.2608660621984726 0.0 5211549.982605306 4963869.205288909 1.0498967170715332 35867.04645416516 2669044526.681687
637.0833333333334 5269629.03760358 228349321.70909762 221.01925975341587 216.38654164504732 15885602260.929558 0.0 0.0 82610.23906272391 166232.782668774 248858.84212065343 228328129.11479813 9.867128134841877 0.5972144996355958 2.2108674199501976 0.0 5234800.951483086 4990578.958029501 1.0489366054534912 35466.82315715606 2683066623.760723
640.9444444444445 5221627.5277735535 229695731.4414616 221.01925975341587 216.77260148741135 15884966122.403969 0.0 0.0 81783.18468418405 166015.37517564627 247813.27376354474 229674560.17746526 9.756582898131656 0.5855195166011953 2.1916403733501024 0.0 5187220.87823686 4945963.4429844795 1.0487786531448364 35029.73456716025 2682430383.9261413
644.8055555555555 5241140.406785505 231029589.29128975 221.4053195957799 216.77260148741135 15884332712.66793 0.0 0.0 81251.7226909293 165520.3852796057 246788.62465112976 231008469.95693785 9.649406145032547 0.574877090241745 2.145378931149015 0.0 5207112.36511829 4970645.7592348885 1.0475726127624512 34636.27345625895 2696506759.05436
648.6666666666666 5238939.358833923 232230674.87027055 221.4053195957799 216.77260148741135 15883698807.708117 0.0 0.0 80568.75678951014 165191.56396546448 245779.1069398903 232209572.22307014 9.544918572626381 0.5652062430296453 2.122822245183447 0.0 5205317.253024691 4972732.588607731 1.0467720031738281 34216.56029010728 2695872510.1646004
652.5277777777778 5261149.287761134 233716824.89313406 221.79137943814396 217.1586613297754 15883069956.141949 0.0 0.0 80141.58109988985 164636.74355681508 244792.8562235485 233695803.85652328 9.444464046650475 0.5565641409733093 2.0977823064896066 0.0 5227865.5046039885 4997554.401337526 1.0460847616195679 33864.55660937155 2710005028.9167547
656.3888888888889 5238913.851221536 235130940.97289896 221.79137943814396 217.1586613297754 15882441828.1907 0.0 0.0 79472.65662140038 164325.0360647324 243812.00610561858 235109937.88689485 9.346652040996082 0.5485339867988929 2.0689684391248115 0.0 5206032.924136006 4976419.3757792935 1.0461403131484985 33447.83725739459 2709376192.2936897
660.25 5232983.510389491 236332075.06267923 222.177439280508 217.54472117213945 15881815735.420519 0.0 0.0 78872.41443911703 163937.26159984004 242825.66868908374 236311104.1711286 9.251193717196733 0.5407767101212911 2.0522747702471866 0.0 5200494.449787078 4973919.431053066 1.0455526113510132 33042.682797145906 2723563266.3594875
664.1111111111111 5223039.321008918 237741807.96617472 222.177439280508 217.54472117213945 15881190694.925224 0.0 0.0 78205.20681809763 163607.7281657671 241827.37756324327 237720854.9931693 9.157165898940757 0.5329235333421858 2.0274890825737777 0.0 5190965.803654728 4967044.027032562 1.0450814962387085 32614.018213016992 2722937117.9668927
667.9722222222222 5203740.206057084 239103688.6163801 222.56349912287203 217.54472117213945 15880567710.702484 0.0 0.0 77516.36717391633 163284.68073547425 240816.54397997112 239082761.52055502 9.063716283294777 0.5247269719916234 2.0056641721165724 0.0 5172081.643304311 4947424.233610311 1.0454089641571045 32185.84121129644 2737179221.6840525
671.8333333333334 5212302.911210341 240296187.08948952 222.56349912287203 217.9307810145035 15879943735.954271 0.0 0.0 76908.48927696419 162867.9442074524 239790.90202844015 240275295.95113942 8.971362052024617 0.5166854137502556 1.9802608898242735 0.0 5181056.292329438 4957322.222638744 1.045132040977478 31760.852386436254 2736553773.66624
675.6944444444445 5218891.670040943 241798215.6456443 222.9495589652361 217.9307810145035 15879322975.602049 0.0 0.0 76289.47433612624 162448.84151793364 238751.35694897725 241777372.51720852 8.877812892885116 0.507272548364502 1.9447115987122205 0.0 5188047.2837521415 4966837.146641743 1.0445374250411987 31346.34112847534 2750850077.5106153
679.5555555555555 5190952.290219971 242781532.13938802 222.9495589652361 218.31684085686754 15878703430.336498 0.0 0.0 75495.56459881672 162181.5962674598 237695.94999383495 242760704.92971396 8.783966425792022 0.4969865028349503 1.9279598852096966 0.0 5160548.820447726 4939552.827657314 1.044740080833435 30892.709478387267 2750228827.1829715
683.4166666666666 5211656.965283144 244219320.8658221 223.33561880760013 218.31684085686754 15878085931.57046 0.0 0.0 74923.21557410166 161711.00990970817 236650.15224687418 244198557.01571614 8.692646643432793 0.48716371855279805 1.8922452707595463 0.0 5181641.53491281 4959184.32312035 1.0448576211929321 30492.357518246863 2764580324.823001
687.2777777777778 5246217.033355821 245586761.97765255 223.33561880760013 218.31684085686754 15877470129.142487 0.0 0.0 74314.50262198689 161289.44876236457 235619.04042013997 245566036.85552412 8.603533621860189 0.4779057842914952 1.8731911907438032 0.0 5216607.312452642 4993725.767786749 1.0446323156356812 30075.042738386946 2763962749.7941155
691.1388888888889 5254051.949884536 246773226.8375094 223.72167864996416 218.70290069923158 15876857370.139217 0.0 0.0 73740.99845237374 160846.29122674413 234603.81074596682 246752567.13533422 8.515868308895795 0.46884061289592815 1.846293488108181 0.0 5224816.7431917265 5000389.559562841 1.0448819398880005 29688.790202085504 2778370844.705472
695.0 5228658.536491933 248184849.70515478 223.72167864996416 218.70290069923158 15876244572.586597 0.0 0.0 73003.67750527059 160572.3101806274 233591.21414774033 248164208.28534752 8.42915577992472 0.45984781059871005 1.8088663495674506 0.0 5199838.522243112 4977782.4951533 1.0446094274520874 29262.168700203787 2777756372.829764
698.8611111111111 5194283.993283443 249534708.09402663 224.10773849232822 218.70290069923158 15875632755.37632 0.0 0.0 72248.68972084702 160321.39604449717 232585.13312543332 249514099.3915295 8.342926888795452 0.4507676500233559 1.7958300832246932 0.0 5165856.8490669485 4948231.831595875 1.043980360031128 28858.81381249445 2792217190.5463147
702.7222222222222 5239139.535449379 250664186.91629726 224.10773849232822 219.08896054159564 15875024648.809158 0.0 0.0 71821.86533158777 159754.82387758358 231593.63853002855 250643655.7371733 8.257792665437236 0.4415880900541843 1.7634172501393686 0.0 5211056.675555623 4991594.186306968 1.0439664125442505 28503.81739149881 2791607626.7150517
706.5833333333334 5180063.872274684 252094020.92395052 224.49379833469226 219.08896054159564 15874417173.080503 0.0 0.0 71013.5525666192 159587.94363261078 230618.14689577464 252073502.1887334 8.174131065822019 0.4328105058270364 1.7366803603220529 0.0 5152381.769506367 4938094.142073328 1.0433948040008545 28092.28197400655 2806124537.639993
710.4444444444445 5185924.575165814 253262575.7489249 224.49379833469226 219.47502038395967 15873812849.947325 0.0 0.0 70426.85659707023 159216.2897874706 229660.14303826654 253242100.69860873 8.09221397427818 0.4243715661693055 1.7168664509228886 0.0 5158600.25722012 4948300.3474874105 1.0424994230270386 27724.406534609236 2805519069.22588
714.3055555555555 5187471.253876963 254731649.00686347 224.87985817705632 219.47502038395967 15873208504.50499 0.0 0.0 69877.05307621766 158816.78130363417 228709.73081613082 254711231.03291836 8.011007033075526 0.41592018844373546 1.692293102749644 0.0 5160485.622806672 4952204.66283171 1.0420582294464111 27376.084927782555 2820090856.614724
718.1666666666666 5147634.542302249 255891658.85387415 224.87985817705632 219.47502038395967 15872608165.189436 0.0 0.0 69145.87519999318 158616.07976509267 227779.49319966356 255871261.8816262 7.931693477917141 0.4078196471861617 1.664652349494463 0.0 5121018.15401512 4913760.136185958 1.0421791076660156 26996.955753130293 2819489716.1856446
722.0277777777778 5139986.646795895 257347526.2815659 225.26591801942035 219.86108022632374 15872007643.681627 0.0 0.0 68563.63952833936 158284.7399349861 226864.65410571752 257327172.11669052 7.853798427597739 0.40013742092864035 1.6424770658677712 0.0 5113708.745492538 4908128.1954034725 1.0418857336044312 26649.026053264366 2834117131.1451373
725.8888888888889 5103249.073804699 258583731.67447814 225.26591801942035 219.86108022632374 15871411206.936264 0.0 0.0 67955.46701648633 158000.49290333735 225971.84015685573 258563417.5866468 7.778393821202223 0.3931109493988823 1.619921352248082 0.0 5077300.837587555 4876484.238776769 1.0411806106567383 26310.428456948317 2833520223.9257016
729.75 5135607.313957803 259867484.58774543 225.6519778617844 219.86108022632374 15870814145.296995 0.0 0.0 67493.04217158366 157588.80749575957 225099.43083071944 259847217.62713578 7.704710847761021 0.386576660629258 1.5963146993257717 0.0 5109972.626905447 4914469.649785681 1.039781093597412 25988.558848909088 2848203005.222106
733.6111111111111 5141959.549935707 261028744.74020237 225.6519778617844 220.24714006868777 15870221779.19813 0.0 0.0 66976.87094278622 157257.12581658826 224251.76576546495 261008507.7537385 7.633656349931049 0.3806042517575471 1.5841036276762976 0.0 5116649.426307592 4930152.365177174 1.0378278493881226 25655.64644278689 2847610432.152698
737.4722222222222 5134030.882909773 262369388.73015866 226.03803770414845 220.24714006868777 15869628860.754557 0.0 0.0 66432.6405048858 156959.43283587496 223410.56976939712 262349180.6957876 7.563050718889277 0.37445975095521933 1.5613383215797663 0.0 5109040.649625418 4925105.858102235 1.037346363067627 25327.604125413218 2862349419.6575
741.3333333333334 5130246.017582618 263627076.02907857 226.03803770414845 220.24714006868777 15869040144.667507 0.0 0.0 65918.8292133535 156647.55266745682 222584.5794755591 263606891.76008707 7.4942414436196625 0.3685541478376416 1.5428399508884099 0.0 5105574.0808655815 4925491.369004183 1.036561369895935 25001.3735158125 2861760643.0883665
745.1944444444445 5128710.776378587 264856644.6352067 226.03803770414845 220.6331999110518 15868451238.943928 0.0 0.0 65433.69541808155 156319.66531546364 221772.35895661789 264836502.84109545 7.427059424810869 0.3631028423123662 1.529242009330077 0.0 5104332.6212091185 4924329.376028526 1.0365538597106934 24700.116066362105 2861166708.6064186
749.0555555555555 5118174.513945765 266183124.2507122 226.42409754651248 220.6331999110518 15867863729.494596 0.0 0.0 64950.626160556196 156006.8223116672 220976.11202711976 266163019.73669907 7.361465321975234 0.35794892712340265 1.510139351770413 0.0 5094087.520377766 4911079.354781372 1.037264347076416 24401.85116674032 2875968400.503097
752.9166666666666 5128071.102072677 267429177.3578307 226.42409754651248 220.6331999110518 15867279483.592913 0.0 0.0 64513.50829922752 155667.95366727578 220199.33628833157 267409104.13924986 7.297716068479242 0.3532473158697745 1.491407996629968 0.0 5104273.223212628 4919311.034396115 1.0375992059707642 24105.935358667746 2875381134.566269
756.7777777777778 5102120.668657063 268753809.55088747 226.81015738887655 221.01925975341587 15866697469.11315 0.0 0.0 64031.652374675585 155391.15308392938 219441.4796966899 268733775.12249005 7.235787152190604 0.34897378775842797 1.4852889679576795 0.0 5078599.482244564 4896666.596042819 1.0371544361114502 23822.70743750345 2890238763.723257
760.6388888888889 5142730.547627401 269973318.23847884 226.81015738887655 221.01925975341587 15866114808.135708 0.0 0.0 63688.87370456248 154990.2442097436 218696.41706091413 269953316.28579676 7.175389361208888 0.34506991952982075 1.4693002023288033 0.0 5119490.626779968 4940946.207723228 1.0361356735229492 23534.78871249123 2889654616.615844
764.5 5082045.059897429 271418912.34224445 227.19621723124058 221.01925975341587 15865535143.469347 0.0 0.0 63098.67331196187 154847.39720742748 217963.49932349863 271398911.0714721 7.116960250543854 0.34155401552560405 1.4498226351215475 0.0 5059116.352096406 4887102.0138985 1.0351976156234741 23216.884179976525 2904565653.571884
768.3611111111111 5069312.754697886 272611983.8084029 227.19621723124058 221.4053195957799 15864958870.782738 0.0 0.0 62656.01304835285 154566.95630273296 217239.8239455286 272592013.47335625 7.059920035104559 0.3381515444436417 1.4462414302195141 0.0 5046659.9589167815 4876846.608102546 1.034820318222046 22934.71160674778 2903988866.1089892
772.2222222222222 5071769.265671572 273977873.0314583 227.58227707360462 221.4053195957799 15864380140.166344 0.0 0.0 62234.678991556255 154266.19236340834 216518.36675921446 273957907.5421692 7.0035261903033925 0.33476161740868027 1.4340364221579733 0.0 5049417.465630873 4884003.347915943 1.0338685512542725 22627.4874756885 2918952549.8546786
