time blob_mass ism_mass r_forward r_reverse total_mass E_blob E_ism blob_energy ism_energy total_energy ism_rest total_lum reverse_lum reverse_lum2 reverse_lum3 blob_mass2 critical_mass maxgamma blob_kinetic swept_up
0.0 94846193.71984519 0.0 0.0 7.528166926098881 5190008552.336468 0.0 0.0 142269513.46108603 0.0 142269513.4610862 0.0 0.0005422218921011014 0.00054222189207984 0.0005422218920798398 0.0 37938481.575996876 15175394.07763711 2.499999761581421 142269270.1394738 0.0
3.861111111111111 95032665.43886222 41293.373708261 13.705124403923604 12.933004719195512 5190052917.269068 0.0 0.0 142333612.68904415 2498.057088338368 142336110.80001763 40897.59878049002 419.4351459363712 244.48718776369194 419.4330436153359 0.0 38123691.637663215 15249383.580214335 2.5000152587890625 141967275.23024485 95073959.5384618
7.722222222222222 95255956.32552467 66017.93508745042 17.565722827564056 16.793603142835966 5190060450.486439 0.0 0.0 142345355.99990362 2021.8023145073105 142347377.81841365 65734.07301973437 1054.9456220053432 592.3692159065846 1054.9450683102457 0.0 38364857.53626483 15333717.87475136 2.501993179321289 141528116.62222832 95321975.08858766
11.583333333333334 95538662.31855886 113766.48691665239 21.04026140884046 20.268141724112372 5190063410.062297 0.0 0.0 142339842.89342833 11955.971804608022 142351799.86254898 111207.06050666008 2057.916972006468 1202.2069851366884 2057.8805417522835 0.0 38685014.15265664 15418955.817376062 2.508925676345825 140885323.04999104 95652429.37232031
15.444444444444445 95929851.68044034 237838.34137869344 24.900859832480915 23.742680305388777 5190064898.228081 0.0 0.0 142321115.60438415 32908.048167051595 142354023.65255123 230105.67354910742 3545.599258418321 2083.5662945716194 3545.2875626570344 0.0 39137434.51892289 15570467.268012404 2.51356840133667 139973843.15998504 96167690.180146
19.305555555555557 96617188.54126766 171058.96986761392 28.37539841375732 27.60327872902923 5190065751.616045 0.0 0.0 142351662.25320378 3630.4802590021804 142355292.7500916 170592.7989327558 5596.610675801098 3299.1818557945703 5595.240953017384 0.0 39892585.18533442 15531712.261141581 2.56846022605896 138808407.0969776 96788247.50007463
23.166666666666668 97356652.60209489 222496.483364849 31.849936995033726 31.077817310305637 5190066295.862405 0.0 0.0 142349617.01103345 6489.043173057666 142356106.1168742 221531.31114243672 8335.076924931549 4971.294659353776 8332.12083901879 0.0 40732098.157021254 15663316.66558972 2.6004772186279297 137340796.33102593 97579148.91780384
27.02777777777778 98285497.88472758 275787.0676044561 35.324475576310135 34.552355891582046 5190066653.520664 0.0 0.0 142348156.88554102 8461.802122338746 142356618.7773859 274496.50820610154 11864.186305362531 7180.8134107288915 11860.221342210796 0.0 41790878.196510464 15687440.48044531 2.663970470428467 135551708.79686797 98561284.44098979
30.88888888888889 99091013.88361782 664490.7978525246 38.79901415758654 37.6408346304944 5190066907.767535 0.0 0.0 142219703.05718496 137283.01266142193 142356986.13157868 630174.3354088247 16282.951249836107 9946.667834613892 16279.45208968768 0.0 42787606.96137813 14850474.819914404 2.88122820854187 133409250.19232003 99755504.76141915
34.75 100430342.27879705 752258.5944752069 42.273552738862946 41.11537321177081 5190067098.949213 0.0 0.0 142232121.34782702 125150.87977619673 142357272.2458945 720762.3533453974 21573.715516634293 13216.860110263025 21571.684036790175 0.0 44312155.824099004 13538436.80267398 3.2730629444122314 130930052.3107813 101182601.4606659
38.611111111111114 102042838.05875535 820495.0534086985 45.74809132013935 44.589911793047214 5190067242.84844 0.0 0.0 142260633.3551554 96847.71134488638 142357481.06650028 796572.6904898122 27838.968521378465 16994.705427153116 27838.18987848698 0.0 46133960.63364169 12960463.899322629 3.559591770172119 128079818.53690945 102863333.24009527
42.47222222222222 103945983.95828095 640374.141875671 48.836570059051716 48.06445037432363 5190067355.598336 0.0 0.0 142295010.59507334 62620.64182531297 142357637.18218413 626042.1638295912 35042.89330043534 21144.05560482598 35042.69236544338 0.0 48271919.90845103 12530598.61306106 3.852323532104492 124871202.58125165 104586357.88564582
46.333333333333336 105438316.34844452 1364941.1845399148 52.31110864032812 51.152929113235984 5190067443.305439 0.0 0.0 141981482.39677376 376269.62811054237 142357752.91805664 1269457.0243432522 43121.46104619576 25505.707086351522 43101.624838887394 0.0 50118979.72374034 12669229.257452821 3.955961227416992 121216080.9541241 106803257.06730326
50.19444444444444 106918012.48552673 2415526.6280632615 55.78564722160453 54.24140785214835 5190067513.135846 0.0 0.0 141083110.38020805 1274738.2738392823 142357848.71747455 2128269.792847927 51993.26144215293 29945.923346328553 51988.819751711424 0.0 52093113.92723436 16301180.490918797 3.195665121078491 117113429.2420969 109333539.15421133
54.05555555555556 109785286.0781317 2075842.6643454684 58.874125960516885 57.715946433424755 5190067578.241011 0.0 0.0 141476828.5491428 881102.0118737206 142357948.43588972 1860451.8142712163 61566.898836540066 34319.59138106172 61457.51500352944 0.0 55216409.69820016 17288449.36950875 3.1938323974609375 113125573.47727564 111861128.4396726
57.916666666666664 111593593.7212709 3447795.354139751 62.3486645417933 60.80442517233711 5190067626.347295 0.0 0.0 140009033.70468393 2348965.5138834403 142358000.80085957 2947247.6068504467 71725.77792295796 38360.18390891663 70997.74392381938 0.0 57662508.402517505 12231143.907567834 4.714400291442871 108482753.3363968 115041388.751785
61.77777777777778 113390370.9645111 5204102.077949654 65.8232031230697 63.892903911249476 5190067670.85808 0.0 0.0 137439932.6203969 4918129.33400334 142358061.99846134 4271135.058217951 82045.25748375931 41785.30680968351 79496.57409701863 0.0 60267012.5155958 11207032.047263246 5.3776068687438965 103489557.53334463 118594472.87050062
65.63888888888889 117350392.44711651 4731144.531537864 68.91168186198206 67.36744249252588 5190067708.141533 0.0 0.0 138692598.91732538 3665499.1088734493 142358110.09949607 3954714.940614092 92549.26151643966 44570.47049752926 86280.63732702716 0.0 64470596.897632234 14502182.087852452 4.4455790519714355 99346894.98713051 122081536.45495103
69.5 119337531.85620564 7060233.987666741 72.38622044325847 70.45592123143824 5190067738.8684025 0.0 0.0 135532201.39101893 6825948.728265533 142358150.5983412 5699407.398605485 102969.98589501438 46409.42228939771 90840.02046731122 0.0 67468739.94308041 15016294.151039235 4.493035316467285 94182618.75008212 126397765.99398178
73.36111111111111 121150401.01938893 9443728.724994557 75.47469918217082 73.54439997035061 5190067766.485163 0.0 0.0 131351753.58491671 11006397.875016311 142358186.0817239 7292247.622160628 112809.27793362083 47105.82100345647 92969.33366433841 0.0 70538969.18169592 15926450.50814905 4.4290452003479 88733596.49678361 129986396.62227085
77.22222222222223 122726034.2478339 13021950.724947622 78.94923776344724 76.63287870926297 5190067794.2644825 0.0 0.0 126441150.10455003 15917060.454431986 142358211.57118046 9856436.552821966 122251.00604369031 46954.12227013629 93634.25645317676 0.0 73633489.97482385 17503765.897954404 4.206722736358643 83028937.69048505 135747985.43868786
81.08333333333333 124082754.59260088 17289810.39199 82.42377634472365 79.72135744817533 5190067814.96369 0.0 0.0 121014687.84034815 21343542.729220364 142358230.56957388 12903705.807756051 131302.11562297583 46320.360642526146 108858.03821191582 0.0 76734713.75418271 17299057.19026199 4.435774326324463 77279776.6067407 141372565.6130245
84.94444444444444 125649403.35210618 21135776.768634103 85.512255083636 82.80983618708768 5190067839.084003 0.0 0.0 115582075.16208002 26776190.631673098 142358266.53537643 15478425.60136862 139693.0720635079 44895.0949494598 108739.58720900792 0.0 80095232.28965811 15669769.66868758 5.111449241638184 71830884.23865832 146785180.04046452
88.80555555555556 127612150.77911007 24987998.587262392 88.60073382254836 85.89831492600005 5190067856.601091 0.0 0.0 110450298.97142889 31907950.938356414 142358278.3454985 18095326.62528401 147258.0201172686 42687.602432769614 91549.26495970499 0.0 83809854.79173674 13137837.077145662 6.379273414611816 66856983.992458865 152600147.8541891
92.66666666666667 130072940.16519123 29576224.17827987 92.07527240382477 88.98679366491241 5190067872.885124 0.0 0.0 105941418.62243606 36416880.34081003 142358299.22104007 21539265.48803088 153750.8703933704 39844.94265540366 90693.19258670931 0.0 87920773.65177485 11513064.602370817 7.636609077453613 62458370.94730651 159649164.33144432
96.52777777777777 132990108.48921448 33383196.787805334 95.16375114273714 92.07527240382477 5190067891.105658 0.0 0.0 101972252.56231646 40386056.5594516 142358317.9434687 24277708.966335513 159273.060353124 36497.72153164532 89851.03087992486 0.0 92391302.0993687 10465350.882382741 8.828304290771484 58601837.35263915 166373305.80145237
100.38888888888889 130963603.98675556 43516154.87351159 98.63828972401355 94.77769130037309 5190067908.672909 0.0 0.0 90489146.58184104 51869200.4205099 142358347.0023575 31685649.08283396 164006.08142829526 32950.01043193505 75958.97275266216 0.0 93536778.15766549 9746212.099784194 9.597244262695312 52675306.87075686 174479759.38099176
104.25 129647011.93004817 52531860.22428594 101.7267684629259 97.4801101969214 5190067919.266812 0.0 0.0 80890157.4203838 61468187.56974686 142358345.30454314 38265882.834420756 168160.49999820875 29506.141368729193 77132.72201145245 0.0 95082163.8622441 30289631.825166397 3.139099359512329 47465868.33474495 182178872.7475024
108.11111111111111 134312340.48429248 56046345.228135645 104.81524720183826 100.56858893583377 5190067929.824037 0.0 0.0 79713640.43793325 62644711.85593198 142358354.62986594 41166802.68001587 171795.524244585 26298.862697950844 67504.99636912678 0.0 100796336.18657485 23970556.34356899 4.205006122589111 45045729.773361206 190358686.5393058
111.97222222222223 134330733.55071846 64703006.260815114 107.90372594075062 103.27100783238208 5190067941.119705 0.0 0.0 72661275.46614593 69697074.24096626 142358358.56289056 47833943.57144625 174875.19339978133 23339.02089201617 60288.150785424645 0.0 103236956.35823509 21692309.70780246 4.75915002822876 40845552.32891506 199033739.37390012
115.83333333333333 135091245.84118223 73127700.02529244 110.99220467966299 105.9734267289304 5190067954.895967 0.0 0.0 66978716.519413754 75379637.06120525 142358371.92612264 54527568.54445554 177393.28755245358 20640.976775155144 54962.468894265985 0.0 106147295.99137132 20536742.50503059 5.1686530113220215 37207999.69606446 208218945.92205864
119.69444444444444 131797763.60367478 86131676.6303702 114.08068341857535 108.28978578311467 5190067966.5657215 0.0 0.0 57498359.656213604 84860000.43281135 142358383.54865468 64840391.43604985 179360.61599316806 18211.003009726384 51109.86140134398 0.0 105942377.48109907 19507112.204171143 5.430961608886719 32485609.56251297 217929439.33448607
123.55555555555556 134074700.70615205 94105481.57301478 117.1691621574877 110.99220467966299 5190067974.547372 0.0 0.0 54385259.611891344 87973111.90181792 142358390.00591275 71611034.77028894 180800.9701890647 16052.658849479396 41975.14390309339 0.0 109793651.10798988 19815326.497451134 5.540844917297363 29943845.74973452 228180182.4978976
127.41666666666667 132626592.79712656 106358970.44120313 120.25764089640008 113.30856373384725 5190067985.533005 0.0 0.0 48155613.329887986 94202778.3887647 142358400.05728653 81872492.13439867 181744.75642029557 14155.991293722564 40804.77252074508 0.0 110679535.4207575 19566608.526199535 5.656551837921143 26542563.813910574 238985562.0374823
131.27777777777777 132096760.3133511 118262763.611207 123.34611963531243 115.62492278803153 5190067990.061944 0.0 0.0 43368678.46158019 98989716.06105576 142358396.5230483 92116435.21174155 182227.2944095067 12505.937318532362 35351.468674069736 0.0 112121112.81065553 19207742.33445362 5.837287425994873 23735893.736104354 250359524.3194798
135.13888888888889 132382574.13911808 129933606.22445396 126.43459837422479 117.9412818422158 5190068002.946799 0.0 0.0 39713363.63378505 102645052.98627907 142358416.78172004 102401555.9963819 182283.98072838123 11080.141179692491 31486.17115827688 0.0 114074445.38048236 19151871.85164001 5.956307888031006 21413370.474035665 262316180.49941343
139.0 133373110.71206763 139888080.82989642 129.1370172707731 120.25764089640008 5190068007.828934 0.0 0.0 36932035.2286601 105426316.96805868 142358406.7068628 111191363.22790009 181954.70130337708 9852.374709641474 28767.596502059965 0.0 116483867.37122437 19331282.811593875 6.0256667137146 19477654.1372291 273261190.415573
142.86111111111111 134971365.22553083 151383679.20975122 132.22549600968546 122.57399995058434 5190068016.463182 0.0 0.0 34828609.078076616 107529806.07921267 142358417.80862492 121697692.50484762 181294.8359618052 8797.508690294711 24003.990299013112 0.0 119297982.87290052 19723715.624387812 6.0484538078308105 17850957.13868179 284630467.94413817
146.72222222222223 133793741.16832873 166276032.63974744 135.31397474859784 124.50429916240456 5190068023.369283 0.0 0.0 31264430.57350473 111093989.49181786 142358420.06532267 135249029.70102707 180320.6418747537 7890.52043461974 20675.899625771443 0.0 119664908.74859697 19863344.66630729 6.02440881729126 15889885.59127788 300069773.90141654
150.58333333333334 133365600.10613304 179226660.3437509 138.01639364514614 126.43459837422479 5190068029.970004 0.0 0.0 28537623.622383613 113820799.0860629 142358424.82627594 147086773.63006613 179092.2281718686 7109.0308655540275 20318.153729304315 0.0 120531120.13333668 20257198.643280316 5.950038909912109 14275473.396618256 312592259.47006327
154.44444444444446 133558935.94710171 192051559.03682274 140.71881254169446 128.36489758604503 5190068035.322487 0.0 0.0 26435839.029392716 115922554.07056071 142358429.94969654 158977900.96696234 177624.08647886844 6433.26733788101 18361.595865909545 0.0 121822261.04482427 20888968.958718684 5.831894397735596 12928250.76066127 325610495.92346066
158.30555555555554 134273911.31206495 206849819.38825536 143.80729128060682 130.29519679786523 5190068043.35506 0.0 0.0 24809390.136027176 117549046.83128883 142358436.96731603 172981240.1141163 175969.0505094718 5846.627578928001 15458.944327046755 0.0 123478502.00422044 21788304.04732054 5.667191982269287 11790148.894741237 341123730.97474796
162.16666666666666 132749610.38312238 222499814.69612724 146.50971017715514 131.83943616732142 5190068050.874697 0.0 0.0 22353572.8423905 120004866.16216049 142358439.65520567 187664425.06695664 174148.46948772547 5335.007714317894 14604.676501608992 0.0 123053613.76325688 22635357.301753826 5.436345100402832 10499908.785587756 355249424.9780987
166.02777777777777 134363693.41556406 235541422.4863292 149.21212907370347 133.76973537914165 5190068052.502042 0.0 0.0 21473690.951189652 120884742.73707113 142358435.48776713 200141685.05785862 172186.75523198207 4886.629485014285 12879.05944885488 0.0 125353019.04338363 24299601.023996666 5.158645153045654 9693363.752863575 369905116.22336
169.88888888888889 133817676.3109163 251283309.2871267 151.91454797025176 135.31397474859784 5190068058.838604 0.0 0.0 19825912.902242508 122532526.78731468 142358442.2540806 215165924.27420712 170111.83532180934 4491.8558016833 11590.550186279504 0.0 125635218.56715152 26443623.85398054 4.751059055328369 8744134.525356429 382827753.7951709
173.75 133700936.1433894 267146123.8007792 154.61696686680008 136.858214118054 5190068062.307796 0.0 0.0 18504604.937435836 123853838.32773861 142358445.19705847 230414142.9852323 167946.01768192876 4142.588388428729 10615.375009463507 0.0 126234608.56364956 29643565.030134205 4.258415222167969 7932137.846311619 400847060.62465715
177.61111111111111 133948208.02585983 283204711.49927616 157.3193857633484 138.4024534875102 5190068067.80175 0.0 0.0 17439369.10735504 124919073.56592347 142358443.1732372 245941656.93948334 165708.03750109987 3832.2359513539254 9870.368826842852 0.0 127106842.09923486 34710725.230003335 3.6618895530700684 7230392.74488321 417152918.500118
181.47222222222223 132330050.59602843 301697847.8889758 160.02180465989673 139.56063301460233 5190068070.354318 0.0 0.0 15860529.773968773 126497909.62146725 142358439.39543596 263821338.92736772 163412.16579534014 3555.3233682904856 9296.88064940434 0.0 126189999.4678896 44474505.858434714 2.837355852127075 6455662.870821608 434027899.4501602
185.33333333333334 133219791.68842845 315724964.22202814 162.338163714081 141.1048723840585 5190068078.136251 0.0 0.0 15213658.725497939 127144748.19718467 142358445.549711 277458567.551257 161073.193939678 3307.1949265475473 8852.967040843087 0.0 127552474.28513122 75875579.22863334 1.6810741424560547 5934139.463027646 448944754.5413088
189.19444444444446 132301742.90728496 334606621.56019795 165.04058261062931 142.26305191115065 5190068085.636299 0.0 0.0 14088435.337498078 128270016.68241507 142358454.22036365 295873407.3644595 158714.27353583393 3084.1304586553324 7974.63491179392 0.0 127176922.79894677 80540681.13277748 1.5790395736694336 5343931.742981624 466908364.9650521
193.05555555555554 133662951.2989551 349097660.28040135 167.35694166481358 143.80729128060682 5190068088.748076 0.0 0.0 13708080.640204899 128650247.73552948 142358459.1540605 310069325.2333179 156332.4793585996 2882.8558377509903 7275.74405721927 0.0 128906792.41098356 86784727.2858913 1.4853626489639282 4943156.942746256 482760613.0433528
196.91666666666666 133272852.75147234 368576468.1326984 170.0593605613619 144.96547080769895 5190068090.334923 0.0 0.0 12885351.51373801 129473106.09754276 142358460.23927194 329185537.8638126 153947.94531305358 2700.7348399651733 7137.919980746576 0.0 128947594.9928042 91824496.74047837 1.4042831659317017 4480248.115522546 501849322.5127735
200.77777777777777 133128146.01750425 385551569.0674288 172.37571961554616 146.1236503347911 5190068100.946364 0.0 0.0 12196199.652418705 130162215.4414074 142358466.1331089 345846015.9634491 151558.95458056283 2535.415609388731 6641.876605683525 0.0 129184855.03656659 96559389.91067165 1.3378797769546509 4072296.4182976447 518679715.39550245
204.63888888888889 133196619.81479564 405717293.83952093 175.07813851209448 147.28182986188324 5190068100.662963 0.0 0.0 11616982.437380906 130741483.17927237 142358465.92610136 365732492.62653995 149188.01054345226 2384.822868932542 6235.777658658764 0.0 129593946.22876173 100793077.99445003 1.2857425212860107 3710435.119833827 538913913.5127798
208.5 133454792.88898647 423297191.94483006 177.39449756627874 148.44000938897537 5190068106.033982 0.0 0.0 11130411.006869895 131228056.40556073 142358468.68311948 383067446.684052 146826.94149816385 2247.292586692058 5901.570872510981 0.0 130157062.54449189 104561425.68407486 1.2447904348373413 3388059.246497562 553672290.163404
212.36111111111111 133880600.66959766 441180364.82931715 179.71085662046303 149.5981889160675 5190068109.833376 0.0 0.0 10721967.965240812 131636496.57208364 142358469.7533924 400734625.2807352 144486.08035291126 2121.3626352501333 5330.732367171027 0.0 130857006.5021807 107954935.57519482 1.2121447324752808 3099553.617833975 575060963.9342663
216.22222222222223 132784506.7355596 461063291.0757723 182.0272156746473 150.3703086007956 5190068105.130783 0.0 0.0 10007038.128883928 132351414.00890742 142358461.83667132 420368275.17032224 142170.47488249472 2005.7418805709224 5121.993772011581 0.0 130065967.60639828 109705895.74154943 1.185587763786316 2780547.748452653 593847800.1566387
220.08333333333334 133526383.43260708 479593252.73410004 184.34357472883156 151.52848812788773 5190068112.458923 0.0 0.0 9739750.712845588 132618708.5474502 142358469.2070605 438732591.537338 139884.09594775504 1899.3749646574379 4702.073863334731 0.0 131026902.42551558 112596703.03798017 1.163683295249939 2551918.6312926617 609708842.7410848
223.94444444444446 132792453.60270667 500090276.2471895 186.65993378301584 152.30060781261582 5190068120.4668 0.0 0.0 9188247.44891679 133170229.88383105 142358482.9591078 459034558.7953155 137629.97737961792 1801.300243148452 4573.077613244379 0.0 130539141.68634653 113968390.45845293 1.1453977823257446 2296331.6070357915 632882731.287386
227.80555555555554 133784113.02885403 519358282.0005646 188.9762928372001 153.45878733970795 5190068128.182714 0.0 0.0 9022715.404275391 133335766.69413403 142358483.90046427 478174389.44517744 135410.4086781919 1710.689528461692 4255.329891811427 0.0 131708176.82854563 116573015.51861674 1.1298341751098633 2112495.682905685 653142393.7360828
231.66666666666666 133342294.46748067 540561550.098762 191.2926518913844 154.23090702443605 5190068126.994232 0.0 0.0 8592348.389946874 133766126.58704609 142358475.34627518 499224500.45035374 133227.00372901605 1626.7977775337 4178.363109291246 0.0 131467462.79928347 117024507.34941602 1.1234182119369507 1904946.9458873644 673903842.1179104
235.52777777777777 133043678.01287238 558532872.4351926 193.2229511032046 155.00302670916415 5190068123.524164 0.0 0.0 8219442.557138709 134138955.45150709 142358476.8029574 517062887.44504625 131078.97699409272 1549.0154554531828 3931.9912438113433 0.0 131349325.62742983 117351875.92537229 1.1192775964736938 1719201.9969790454 687615256.2568839
239.38888888888889 132873817.37402564 580412157.4964366 195.53931015738888 155.77514639389221 5190068126.105293 0.0 0.0 7896107.833661521 134462366.67543185 142358480.2964909 538823391.789946 128974.87349816295 1476.7657889896493 3719.9859905713324 0.0 131341846.85377051 117750144.4926861 1.1154283285140991 1552506.55288303 713285977.2745183
243.25 132820402.53343107 602685605.4189012 197.85566921157314 156.5472660786203 5190068127.767359 0.0 0.0 7615886.602229492 134742592.6650648 142358479.26729426 560993459.8126707 126909.86360841467 1409.5459778510601 3536.7519862537724 0.0 131434829.1090475 118203404.61734451 1.1119377613067627 1402569.682921802 735506008.7724599
247.11111111111111 132872546.62208012 621543286.37204 199.78596842339337 157.3193857633484 5190068134.585042 0.0 0.0 7373362.234577431 134985107.9001912 142358481.81403285 579761257.706362 124883.80127744607 1346.9095226821457 3377.7456995723187 0.0 131619180.7559878 118766102.9571891 1.1082217693328857 1267451.2917269524 754415833.2298071
250.97222222222223 133020076.8706544 640650185.1572459 201.7162676352136 158.0915054480765 5190068138.834198 0.0 0.0 7163828.50328798 135194385.34476352 142358477.35590085 598788332.9635007 122901.3307738967 1288.44454330488 3239.175188061964 0.0 131886301.32247573 119336479.09789383 1.105163335800171 1145462.8906955295 773670258.9925233
254.83333333333334 133255509.62034692 664079878.4428952 204.03262668939786 158.8636251328046 5190068138.102108 0.0 0.0 6983689.827076292 135374794.76226255 142358487.52935645 622148391.2428836 120959.44258642857 1233.819450483419 3118.1690167099887 0.0 132229963.87558424 119999590.28913021 1.1019201278686523 1035259.0068805856 797335391.8964667
258.69444444444446 133570601.74174131 683863342.7361782 205.96292590121809 159.63574481753267 5190068142.539131 0.0 0.0 6829475.704232231 135528972.55192044 142358485.54802707 641873222.8654768 119056.23924657442 1182.7034505100066 2892.333272476723 0.0 132643107.31454618 120706334.7702418 1.098891019821167 935578.1205747295 817433944.4197286
262.55555555555554 132661401.61865614 705238887.1724216 207.8932251130383 160.02180465989673 5190068140.379956 0.0 0.0 6494592.527242004 135863677.01153797 142358481.69062972 663176789.1671304 117200.12842337468 1134.8064971171498 2805.6272959630005 0.0 131840916.5579801 120277557.92941487 1.0961389541625977 826965.2105511932 837900290.0067992
266.4166666666667 133136477.02295259 729888357.2252804 210.2095841672226 160.79392434462483 5190068147.077186 0.0 0.0 6390980.400695116 135967502.9808221 142358483.8272858 687781656.0519015 115382.45274111141 1089.8737923314857 2729.3848756019565 0.0 132395108.66305244 121085716.94972798 1.0933998823165894 746773.1780549387 863024834.001064
270.27777777777777 133671501.14881942 750688686.6575699 212.13988337904283 161.5660440293529 5190068146.071507 0.0 0.0 6305253.394656845 136053235.9287928 142358491.1393608 708544231.5187703 113605.05264890553 1047.6687403217136 2562.336533810825 0.0 133001857.28221516 121938566.02756488 1.0907284021377563 674159.8410301188 884360189.8958251
274.1388888888889 133029033.55582851 773057973.0432963 214.07018259086306 161.95210387171696 5190068148.574779 0.0 0.0 6053925.316657253 136304556.65978733 142358485.2122778 730867684.770818 111867.98019301484 1007.9833634229044 2507.7513547983517 0.0 132438194.71061514 121706926.04897343 1.0881730318069458 594464.0486450618 906087008.1792082
278.0 132477780.05340847 795731701.4225595 216.00048180268328 162.338163714081 5190068154.436857 0.0 0.0 5830322.327013143 136528164.36048672 142358490.9230879 753503053.9720526 110170.29932805257 970.6252677432249 2370.6520323423983 0.0 131957163.5262494 121534535.90360081 1.0857585668563843 523525.82488705474 928209479.7115824
281.8611111111111 133198029.34446892 817533497.0751029 217.9307810145035 163.1102833988091 5190068152.73589 0.0 0.0 5797891.58665286 136560593.35276973 142358488.29280606 775284083.5989411 108512.07173390244 935.4293405172306 2332.0765456780664 0.0 132728752.11646853 122501481.39649454 1.0834869146347046 471718.42483597924 950731527.2082185
285.72222222222223 132787412.2741676 840869035.7329077 219.86108022632374 163.49634324117312 5190068165.059136 0.0 0.0 5614383.400254643 136744115.07647604 142358500.426985 798592406.7222658 106891.57503205244 902.2231512282726 2218.0905377390377 0.0 132374868.06302364 122417479.52663139 1.0813395977020264 414505.3403928288 973656447.5887564
289.5833333333333 133601150.65804675 863386050.4778847 221.79137943814396 164.26846292590122 5190068157.755874 0.0 0.0 5607160.978431707 136751317.82375038 142358479.29832935 821097048.7258251 105308.63654733016 870.8702489022605 2115.992667005183 0.0 133229645.61368895 123442012.71985054 1.0792893171310425 373157.36368978955 996987200.0269597
293.44444444444446 133311388.9201087 882589181.3213438 223.33561880760013 164.65452276826525 5190068164.582552 0.0 0.0 5456525.928944629 136901690.07642668 142358494.56399712 840282808.8979844 103762.41382765309 841.2397651681753 2095.4885292211798 0.0 132985460.41793385 123443695.38110505 1.077296495437622 327259.32721129 1015900571.9363164
297.30555555555554 133084893.22294189 906911018.072469 225.26591801942035 165.04058261062931 5190068158.522955 0.0 0.0 5322819.284376638 137035607.74806207 142358488.0054017 864592268.8853911 102251.00594296712 813.2114919247895 2009.1347472087054 0.0 132799256.24289508 123496758.35830146 1.075325846672058 286709.5675159922 1039995914.4951777
301.1666666666667 132917074.74631272 931576759.7870631 227.19621723124058 165.42664245299335 5190068171.797759 0.0 0.0 5204409.825943408 137154070.08848447 142358487.72312975 889247612.5794657 100776.84210559801 786.6759386808541 1931.186882978101 0.0 132666933.48977144 123598718.979457 1.0733681917190552 251006.71676623984 1064493830.6527822
305.02777777777777 132803714.53653869 956598780.0403389 229.1265164430608 165.8127022953574 5190068165.753811 0.0 0.0 5099851.138167133 137258642.7746198 142358494.44223535 914262824.8940549 99336.72703195094 761.532695118857 1860.6740077703028 0.0 132584717.30700345 123713021.7299835 1.0717118978500366 219696.82666590117 1089402498.5287442
308.8888888888889 132740976.95606957 976868266.0252091 230.670755812517 166.19876213772145 5190068167.674217 0.0 0.0 5007864.8790713465 137350559.31642777 142358490.807433 934530821.9621527 97928.61590676122 737.6892871508219 1796.7568248049047 0.0 132549146.75116041 123878598.26135433 1.0699923038482666 192398.442560684 1109609245.1824012
312.75 132725341.72576123 1002569407.2567017 232.60105502433723 166.58482198008548 5190068178.585183 0.0 0.0 4927316.60027677 137431180.40934846 142358499.7376262 960230418.9495533 96555.57834975583 715.0606978876516 1738.7064848931946 0.0 132557059.83836144 124084332.43699533 1.0682820081710815 168745.2794407823 1135294745.8531492
316.6111111111111 132753349.88658302 1023353344.7334743 234.1452943937934 166.97088182244954 5190068169.393105 0.0 0.0 4857151.53788047 137501193.4419516 142358483.34914443 981017680.6193141 95212.24364933535 693.5645761865561 1685.8661319872585 0.0 132605300.92999576 124303084.9683346 1.0667901039123535 148429.15219667685 1156106694.3590407
320.47222222222223 132822436.11959355 1049757027.8169626 236.07559360561362 167.35694166481358 5190068185.121742 0.0 0.0 4796550.760620055 137561946.5309081 142358500.6634958 1007425278.9537908 93901.53034554454 673.1384258190633 1637.726296000018 0.0 132691563.3709153 124572945.28612918 1.0651715993881226 131188.3398576299 1182579465.9910686
324.3333333333333 132929418.09356114 1071093920.6705898 237.6198329750698 167.74300150717764 5190068181.276263 0.0 0.0 4744621.3895169785 137613785.11837557 142358495.97621047 1028770081.985047 92619.35564159157 653.7066696176305 1593.757582115186 0.0 132812937.86451697 124847939.79970933 1.0637975931167603 116745.33323603081 1204023337.7776961
328.19444444444446 133072121.40586017 1098206090.9473574 239.55013218689004 168.12906134954167 5190068186.332569 0.0 0.0 4700709.162571581 137657795.8179261 142358505.55912936 1055889651.6574652 91368.5376297615 635.2157760507898 1553.572507256392 0.0 132967463.92848404 125162194.2457642 1.062361240386963 104884.07403719203 1231278214.4090118
